time	V(clk)	V(d)	V(q)	V(r)
0.000000000000000e+000	0.000000e+000	0.000000e+000	8.669427e-009	0.000000e+000
1.000000003627494e-015	0.000000e+000	0.000000e+000	1.192507e-005	1.800000e-003
2.000000007254988e-015	0.000000e+000	0.000000e+000	2.384201e-005	3.600000e-003
4.000000014509975e-015	0.000000e+000	0.000000e+000	4.765901e-005	7.200000e-003
8.000000029019950e-015	0.000000e+000	0.000000e+000	9.519830e-005	1.440000e-002
3.200000011607980e-014	0.000000e+000	0.000000e+000	3.777519e-004	5.760000e-002
6.400000023215960e-014	0.000000e+000	0.000000e+000	7.474806e-004	1.152000e-001
1.280000004643192e-013	0.000000e+000	0.000000e+000	1.470179e-003	2.304000e-001
2.560000009286384e-013	0.000000e+000	0.000000e+000	2.873331e-003	4.608000e-001
5.120000018572768e-013	0.000000e+000	0.000000e+000	5.380007e-003	9.216000e-001
9.306904776535714e-013	0.000000e+000	0.000000e+000	8.770394e-003	1.675243e+000
1.000000000000000e-012	0.000000e+000	0.000000e+000	9.213977e-003	1.800000e+000
1.015077610471544e-012	0.000000e+000	0.000000e+000	9.138722e-003	1.800000e+000
1.045232831414632e-012	0.000000e+000	0.000000e+000	8.989708e-003	1.800000e+000
1.105543273300808e-012	0.000000e+000	0.000000e+000	8.698867e-003	1.800000e+000
1.226164157073160e-012	0.000000e+000	0.000000e+000	8.145128e-003	1.800000e+000
1.467405924617864e-012	0.000000e+000	0.000000e+000	7.138527e-003	1.800000e+000
1.949889459707273e-012	0.000000e+000	0.000000e+000	5.456786e-003	1.800000e+000
2.914856529886089e-012	0.000000e+000	0.000000e+000	3.023092e-003	1.800000e+000
4.844790670243723e-012	0.000000e+000	0.000000e+000	1.706446e-004	1.800000e+000
8.704658950958989e-012	0.000000e+000	0.000000e+000	-2.331890e-003	1.800000e+000
1.477596733877257e-011	0.000000e+000	0.000000e+000	-3.255305e-003	1.800000e+000
2.682151983627689e-011	0.000000e+000	0.000000e+000	-2.640755e-003	1.800000e+000
5.091262483128553e-011	0.000000e+000	0.000000e+000	-2.396113e-004	1.800000e+000
6.809678545636210e-011	0.000000e+000	0.000000e+000	1.188020e-003	1.800000e+000
9.249818305117741e-011	0.000000e+000	0.000000e+000	1.450197e-003	1.800000e+000
1.204544295100371e-010	0.000000e+000	0.000000e+000	4.795269e-004	1.800000e+000
1.462306706356292e-010	0.000000e+000	0.000000e+000	-1.677266e-005	1.800000e+000
1.777523115358292e-010	0.000000e+000	0.000000e+000	-2.068169e-005	1.800000e+000
2.407955933362293e-010	0.000000e+000	0.000000e+000	6.659724e-006	1.800000e+000
3.407955933362293e-010	0.000000e+000	0.000000e+000	-3.457717e-008	1.800000e+000
4.407955933362293e-010	0.000000e+000	0.000000e+000	1.068622e-006	1.800000e+000
5.407955933362293e-010	0.000000e+000	0.000000e+000	3.760033e-008	1.800000e+000
6.407955933362293e-010	0.000000e+000	0.000000e+000	7.496919e-007	1.800000e+000
7.407955933362293e-010	0.000000e+000	0.000000e+000	1.031731e-008	1.800000e+000
8.407955933362292e-010	0.000000e+000	0.000000e+000	5.345369e-007	1.800000e+000
9.407955933362292e-010	0.000000e+000	0.000000e+000	2.071374e-009	1.800000e+000
1.183652736193372e-009	0.000000e+000	0.000000e+000	3.984014e-008	1.800000e+000
1.426509879050515e-009	0.000000e+000	0.000000e+000	6.654316e-008	1.800000e+000
1.669367021907658e-009	0.000000e+000	0.000000e+000	8.218044e-008	1.800000e+000
1.912224164764801e-009	0.000000e+000	0.000000e+000	8.675197e-008	1.800000e+000
2.155081307621945e-009	0.000000e+000	0.000000e+000	8.025775e-008	1.800000e+000
2.397938450479088e-009	0.000000e+000	0.000000e+000	6.269779e-008	1.800000e+000
2.640795593336230e-009	0.000000e+000	0.000000e+000	3.407209e-008	1.800000e+000
3.212224164764802e-009	0.000000e+000	0.000000e+000	2.445359e-008	1.800000e+000
3.783652736193374e-009	0.000000e+000	0.000000e+000	1.689002e-008	1.800000e+000
4.355081307621946e-009	0.000000e+000	0.000000e+000	1.138138e-008	1.800000e+000
4.926509879050519e-009	0.000000e+000	0.000000e+000	7.927678e-009	1.800000e+000
5.497938450479090e-009	0.000000e+000	0.000000e+000	6.528902e-009	1.800000e+000
6.069367021907663e-009	0.000000e+000	0.000000e+000	7.185056e-009	1.800000e+000
6.640795593336233e-009	0.000000e+000	0.000000e+000	9.896141e-009	1.800000e+000
7.826509879050512e-009	0.000000e+000	0.000000e+000	9.627148e-009	1.800000e+000
9.012224164764790e-009	0.000000e+000	0.000000e+000	9.401704e-009	1.800000e+000
1.019793845047907e-008	0.000000e+000	0.000000e+000	9.219808e-009	1.800000e+000
1.138365273619335e-008	0.000000e+000	0.000000e+000	9.081460e-009	1.800000e+000
1.256936702190762e-008	0.000000e+000	0.000000e+000	8.986661e-009	1.800000e+000
1.375508130762190e-008	0.000000e+000	0.000000e+000	8.935411e-009	1.800000e+000
1.494079559333618e-008	0.000000e+000	0.000000e+000	8.927709e-009	1.800000e+000
1.566339622285959e-008	0.000000e+000	0.000000e+000	8.905849e-009	1.800000e+000
1.638599685238299e-008	0.000000e+000	0.000000e+000	8.885927e-009	1.800000e+000
1.710859748190640e-008	0.000000e+000	0.000000e+000	8.867945e-009	1.800000e+000
1.783119811142981e-008	0.000000e+000	0.000000e+000	8.851902e-009	1.800000e+000
1.855379874095322e-008	0.000000e+000	0.000000e+000	8.837798e-009	1.800000e+000
1.927639937047663e-008	0.000000e+000	0.000000e+000	8.825633e-009	1.800000e+000
1.999900000000003e-008	0.000000e+000	0.000000e+000	8.815408e-009	1.800000e+000
2.000000000000000e-008	0.000000e+000	0.000000e+000	8.815394e-009	1.800000e+000
2.000005873586743e-008	1.057246e-001	0.000000e+000	7.365324e-003	1.800000e+000
2.000017620760230e-008	3.171737e-001	0.000000e+000	2.183680e-002	1.800000e+000
2.000041115107202e-008	7.400720e-001	0.000000e+000	4.983220e-002	1.800000e+000
2.000061699371213e-008	1.110589e+000	0.000000e+000	7.290632e-002	1.800000e+000
2.000100000000000e-008	1.800000e+000	0.000000e+000	1.134262e-001	1.800000e+000
2.000103830062879e-008	1.800000e+000	0.000000e+000	1.122777e-001	1.800000e+000
2.000111490188636e-008	1.800000e+000	0.000000e+000	1.100034e-001	1.800000e+000
2.000126810440151e-008	1.800000e+000	0.000000e+000	1.055668e-001	1.800000e+000
2.000157450943181e-008	1.800000e+000	0.000000e+000	9.714585e-002	1.800000e+000
2.000218731949240e-008	1.800000e+000	0.000000e+000	8.201455e-002	1.800000e+000
2.000341293961359e-008	1.800000e+000	0.000000e+000	5.760677e-002	1.800000e+000
2.000586417985597e-008	1.800000e+000	0.000000e+000	2.535374e-002	1.800000e+000
2.001076666034072e-008	1.800000e+000	0.000000e+000	-5.121672e-003	1.800000e+000
2.001854654672855e-008	1.800000e+000	0.000000e+000	-1.666307e-002	1.800000e+000
2.002684976846692e-008	1.800000e+000	0.000000e+000	-1.299038e-002	1.800000e+000
2.004010364308752e-008	1.800000e+000	0.000000e+000	-4.663345e-003	1.800000e+000
2.005579601706683e-008	1.800000e+000	0.000000e+000	2.567621e-004	1.800000e+000
2.007100820818250e-008	1.800000e+000	0.000000e+000	1.151458e-003	1.800000e+000
2.008603479934850e-008	1.800000e+000	0.000000e+000	5.765562e-004	1.800000e+000
2.010327618115009e-008	1.800000e+000	0.000000e+000	1.647340e-004	1.800000e+000
2.013775894475326e-008	1.800000e+000	0.000000e+000	3.495830e-005	1.800000e+000
2.020672447195962e-008	1.800000e+000	0.000000e+000	-1.284296e-006	1.800000e+000
2.030672447195962e-008	1.800000e+000	0.000000e+000	4.350115e-007	1.800000e+000
2.040672447195962e-008	1.800000e+000	0.000000e+000	-1.147932e-007	1.800000e+000
2.050672447195962e-008	1.800000e+000	0.000000e+000	1.848922e-007	1.800000e+000
2.070672447195962e-008	1.800000e+000	0.000000e+000	1.014937e-007	1.800000e+000
2.203433526167968e-008	1.800000e+000	0.000000e+000	6.017035e-008	1.800000e+000
2.336194605139973e-008	1.800000e+000	0.000000e+000	2.820438e-008	1.800000e+000
2.468955684111979e-008	1.800000e+000	0.000000e+000	5.595759e-009	1.800000e+000
2.601716763083984e-008	1.800000e+000	0.000000e+000	-7.655495e-009	1.800000e+000
2.734477842055990e-008	1.800000e+000	0.000000e+000	-1.154939e-008	1.800000e+000
2.867238921027995e-008	1.800000e+000	0.000000e+000	-6.085913e-009	1.800000e+000
3.000000000000000e-008	1.800000e+000	0.000000e+000	8.734922e-009	1.800000e+000
3.000100000000001e-008	1.800000e+000	0.000000e+000	8.734632e-009	1.800000e+000
3.000107658035522e-008	1.662155e+000	0.000000e+000	-6.314567e-003	1.800000e+000
3.000122974106563e-008	1.386466e+000	0.000000e+000	-1.959381e-002	1.800000e+000
3.000153606248645e-008	8.350875e-001	0.000000e+000	-4.866278e-002	1.800000e+000
3.000167470469254e-008	5.855315e-001	0.000000e+000	-6.227726e-002	1.800000e+000
3.000195198910473e-008	8.641961e-002	0.000000e+000	-8.908668e-002	1.800000e+000
3.000200000000001e-008	0.000000e+000	0.000000e+000	-9.355773e-002	1.800000e+000
3.000200961454069e-008	0.000000e+000	0.000000e+000	-9.333099e-002	1.800000e+000
3.000202884362205e-008	0.000000e+000	0.000000e+000	-9.287886e-002	1.800000e+000
3.000214421811024e-008	0.000000e+000	0.000000e+000	-9.021163e-002	1.800000e+000
3.000229805076116e-008	0.000000e+000	0.000000e+000	-8.677471e-002	1.800000e+000
3.000260571606300e-008	0.000000e+000	0.000000e+000	-8.028793e-002	1.800000e+000
3.000322104666668e-008	0.000000e+000	0.000000e+000	-6.871071e-002	1.800000e+000
3.000445170787403e-008	0.000000e+000	0.000000e+000	-5.011884e-002	1.800000e+000
3.000691303028875e-008	0.000000e+000	0.000000e+000	-2.543353e-002	1.800000e+000
3.001183567511817e-008	0.000000e+000	0.000000e+000	-1.890052e-003	1.800000e+000
3.002168096477701e-008	0.000000e+000	0.000000e+000	1.118357e-002	1.800000e+000
3.003150542526016e-008	0.000000e+000	0.000000e+000	1.113176e-002	1.800000e+000
3.005115434622646e-008	0.000000e+000	0.000000e+000	5.174092e-003	1.800000e+000
3.006948591530273e-008	0.000000e+000	0.000000e+000	9.240979e-004	1.800000e+000
3.008929022496844e-008	0.000000e+000	0.000000e+000	-9.520228e-004	1.800000e+000
3.011250353705487e-008	0.000000e+000	0.000000e+000	-1.009556e-003	1.800000e+000
3.014069053987063e-008	0.000000e+000	0.000000e+000	-6.400974e-004	1.800000e+000
3.019205151665844e-008	0.000000e+000	0.000000e+000	-2.749441e-004	1.800000e+000
3.029205151665844e-008	0.000000e+000	0.000000e+000	-4.059658e-005	1.800000e+000
3.039205151665844e-008	0.000000e+000	0.000000e+000	7.641377e-007	1.800000e+000
3.049205151665844e-008	0.000000e+000	0.000000e+000	1.215706e-007	1.800000e+000
3.185018701427866e-008	0.000000e+000	0.000000e+000	7.165107e-008	1.800000e+000
3.320832251189889e-008	0.000000e+000	0.000000e+000	3.299693e-008	1.800000e+000
3.456645800951911e-008	0.000000e+000	0.000000e+000	5.608131e-009	1.800000e+000
3.592459350713933e-008	0.000000e+000	0.000000e+000	-1.051531e-008	1.800000e+000
3.728272900475956e-008	0.000000e+000	0.000000e+000	-1.537341e-008	1.800000e+000
3.864086450237978e-008	0.000000e+000	0.000000e+000	-8.966154e-009	1.800000e+000
3.999900000000000e-008	0.000000e+000	0.000000e+000	8.706452e-009	1.800000e+000
4.000000000000000e-008	0.000000e+000	0.000000e+000	8.706449e-009	1.800000e+000
4.000005873585286e-008	1.057245e-001	0.000000e+000	7.365298e-003	1.800000e+000
4.000017620755857e-008	3.171736e-001	0.000000e+000	2.183669e-002	1.800000e+000
4.000041115096998e-008	7.400718e-001	0.000000e+000	4.983191e-002	1.800000e+000
4.000061699368594e-008	1.110589e+000	0.000000e+000	7.290590e-002	1.800000e+000
4.000100000000000e-008	1.800000e+000	0.000000e+000	1.134256e-001	1.800000e+000
4.000103830063141e-008	1.800000e+000	0.000000e+000	1.122771e-001	1.800000e+000
4.000111490189422e-008	1.800000e+000	0.000000e+000	1.100028e-001	1.800000e+000
4.000126810441985e-008	1.800000e+000	0.000000e+000	1.055663e-001	1.800000e+000
4.000157450947109e-008	1.800000e+000	0.000000e+000	9.714554e-002	1.800000e+000
4.000218731957359e-008	1.800000e+000	0.000000e+000	8.201449e-002	1.800000e+000
4.000341293977859e-008	1.800000e+000	0.000000e+000	5.760697e-002	1.800000e+000
4.000586418018858e-008	1.800000e+000	0.000000e+000	2.535404e-002	1.800000e+000
4.001076666100856e-008	1.800000e+000	0.000000e+000	-5.121535e-003	1.800000e+000
4.001854656040478e-008	1.800000e+000	0.000000e+000	-1.666315e-002	1.800000e+000
4.002684979229391e-008	1.800000e+000	0.000000e+000	-1.299046e-002	1.800000e+000
4.004010366398370e-008	1.800000e+000	0.000000e+000	-4.663356e-003	1.800000e+000
4.005579604868565e-008	1.800000e+000	0.000000e+000	2.567870e-004	1.800000e+000
4.007100825194861e-008	1.800000e+000	0.000000e+000	1.151473e-003	1.800000e+000
4.008603487631525e-008	1.800000e+000	0.000000e+000	5.765531e-004	1.800000e+000
4.010327626529163e-008	1.800000e+000	0.000000e+000	1.647282e-004	1.800000e+000
4.013775904324438e-008	1.800000e+000	0.000000e+000	3.495935e-005	1.800000e+000
4.020672459914988e-008	1.800000e+000	0.000000e+000	-1.284825e-006	1.800000e+000
4.030672459914988e-008	1.800000e+000	0.000000e+000	4.347146e-007	1.800000e+000
4.040672459914988e-008	1.800000e+000	0.000000e+000	-1.148777e-007	1.800000e+000
4.050672459914988e-008	1.800000e+000	0.000000e+000	1.847952e-007	1.800000e+000
4.070672459914988e-008	1.800000e+000	0.000000e+000	1.014024e-007	1.800000e+000
4.203433537069990e-008	1.800000e+000	0.000000e+000	6.009162e-008	1.800000e+000
4.336194614224992e-008	1.800000e+000	0.000000e+000	2.813636e-008	1.800000e+000
4.468955691379993e-008	1.800000e+000	0.000000e+000	5.536642e-009	1.800000e+000
4.601716768534995e-008	1.800000e+000	0.000000e+000	-7.707547e-009	1.800000e+000
4.734477845689997e-008	1.800000e+000	0.000000e+000	-1.159620e-008	1.800000e+000
4.867238922844998e-008	1.800000e+000	0.000000e+000	-6.129329e-009	1.800000e+000
5.000000000000000e-008	1.800000e+000	0.000000e+000	8.693078e-009	1.800000e+000
5.000100000000001e-008	1.800000e+000	0.000000e+000	8.692790e-009	1.800000e+000
5.000107658034328e-008	1.662155e+000	0.000000e+000	-6.314537e-003	1.800000e+000
5.000122974102982e-008	1.386466e+000	0.000000e+000	-1.959372e-002	1.800000e+000
5.000153606240291e-008	8.350877e-001	0.000000e+000	-4.866260e-002	1.800000e+000
5.000167470470999e-008	5.855315e-001	0.000000e+000	-6.227705e-002	1.800000e+000
5.000195198932416e-008	8.641922e-002	0.000000e+000	-8.908643e-002	1.800000e+000
5.000200000000001e-008	0.000000e+000	0.000000e+000	-9.355745e-002	1.800000e+000
5.000200961451557e-008	0.000000e+000	0.000000e+000	-9.333072e-002	1.800000e+000
5.000202884354671e-008	0.000000e+000	0.000000e+000	-9.287858e-002	1.800000e+000
5.000214421773356e-008	0.000000e+000	0.000000e+000	-9.021139e-002	1.800000e+000
5.000229804998268e-008	0.000000e+000	0.000000e+000	-8.677452e-002	1.800000e+000
5.000260571448092e-008	0.000000e+000	0.000000e+000	-8.028781e-002	1.800000e+000
5.000322104347740e-008	0.000000e+000	0.000000e+000	-6.871072e-002	1.800000e+000
5.000445170147035e-008	0.000000e+000	0.000000e+000	-5.011899e-002	1.800000e+000
5.000691301745627e-008	0.000000e+000	0.000000e+000	-2.543377e-002	1.800000e+000
5.001183564942809e-008	0.000000e+000	0.000000e+000	-1.890189e-003	1.800000e+000
5.002168091337175e-008	0.000000e+000	0.000000e+000	1.118360e-002	1.800000e+000
5.003150539252672e-008	0.000000e+000	0.000000e+000	1.113181e-002	1.800000e+000
5.005115435083667e-008	0.000000e+000	0.000000e+000	5.174079e-003	1.800000e+000
5.006948591914049e-008	0.000000e+000	0.000000e+000	9.240871e-004	1.800000e+000
5.008929025332331e-008	0.000000e+000	0.000000e+000	-9.520245e-004	1.800000e+000
5.011250357437178e-008	0.000000e+000	0.000000e+000	-1.009555e-003	1.800000e+000
5.014069058558409e-008	0.000000e+000	0.000000e+000	-6.400966e-004	1.800000e+000
5.019205156249916e-008	0.000000e+000	0.000000e+000	-2.749440e-004	1.800000e+000
5.029205156249916e-008	0.000000e+000	0.000000e+000	-4.059663e-005	1.800000e+000
5.039205156249916e-008	0.000000e+000	0.000000e+000	7.641172e-007	1.800000e+000
5.049205156249916e-008	0.000000e+000	0.000000e+000	1.215390e-007	1.800000e+000
5.999899999999998e-008	0.000000e+000	0.000000e+000	8.686045e-009	1.800000e+000
6.000000000000001e-008	1.191140e-011	0.000000e+000	8.686532e-009	1.800000e+000
6.000005873584395e-008	1.057245e-001	0.000000e+000	7.365280e-003	1.800000e+000
6.000017620753183e-008	3.171736e-001	0.000000e+000	2.183662e-002	1.800000e+000
6.000041115090759e-008	7.400717e-001	0.000000e+000	4.983176e-002	1.800000e+000
6.000061699367486e-008	1.110589e+000	0.000000e+000	7.290579e-002	1.800000e+000
6.000100000000001e-008	1.800000e+000	0.000000e+000	1.134258e-001	1.800000e+000
6.000103830063252e-008	1.800000e+000	0.000000e+000	1.122771e-001	1.800000e+000
6.000111490189755e-008	1.800000e+000	0.000000e+000	1.100026e-001	1.800000e+000
6.000126810442761e-008	1.800000e+000	0.000000e+000	1.055661e-001	1.800000e+000
6.000157450948772e-008	1.800000e+000	0.000000e+000	9.714536e-002	1.800000e+000
6.000218731960795e-008	1.800000e+000	0.000000e+000	8.201445e-002	1.800000e+000
6.000341293984842e-008	1.800000e+000	0.000000e+000	5.760706e-002	1.800000e+000
6.000586418032936e-008	1.800000e+000	0.000000e+000	2.535417e-002	1.800000e+000
6.001076666129121e-008	1.800000e+000	0.000000e+000	-5.121480e-003	1.800000e+000
6.001854656887010e-008	1.800000e+000	0.000000e+000	-1.666319e-002	1.800000e+000
6.002684980711274e-008	1.800000e+000	0.000000e+000	-1.299051e-002	1.800000e+000
6.004010367702980e-008	1.800000e+000	0.000000e+000	-4.663354e-003	1.800000e+000
6.005579606845728e-008	1.800000e+000	0.000000e+000	2.568043e-004	1.800000e+000
6.007100827945014e-008	1.800000e+000	0.000000e+000	1.151481e-003	1.800000e+000
6.008603492440035e-008	1.800000e+000	0.000000e+000	5.765496e-004	1.800000e+000
6.010327631783961e-008	1.800000e+000	0.000000e+000	1.647238e-004	1.800000e+000
6.013775910471816e-008	1.800000e+000	0.000000e+000	3.495953e-005	1.800000e+000
6.020672467847525e-008	1.800000e+000	0.000000e+000	-1.284950e-006	1.800000e+000
6.030672467847525e-008	1.800000e+000	0.000000e+000	4.346284e-007	1.800000e+000
6.040672467847524e-008	1.800000e+000	0.000000e+000	-1.148927e-007	1.800000e+000
6.050672467847524e-008	1.800000e+000	0.000000e+000	1.847745e-007	1.800000e+000
6.070672467847522e-008	1.800000e+000	0.000000e+000	1.013838e-007	1.800000e+000
7.000000000000001e-008	1.800000e+000	0.000000e+000	8.681429e-009	1.800000e+000
7.000100000000001e-008	1.800000e+000	0.000000e+000	8.681142e-009	1.800000e+000
7.000107658033527e-008	1.662155e+000	0.000000e+000	-6.314517e-003	1.800000e+000
7.000122974100580e-008	1.386466e+000	0.000000e+000	-1.959367e-002	1.800000e+000
7.000153606234686e-008	8.350878e-001	0.000000e+000	-4.866248e-002	1.800000e+000
7.000167470472253e-008	5.855315e-001	0.000000e+000	-6.227693e-002	1.800000e+000
7.000195198947389e-008	8.641895e-002	0.000000e+000	-8.908627e-002	1.800000e+000
7.000200000000001e-008	0.000000e+000	0.000000e+000	-9.355727e-002	1.800000e+000
7.000200961449849e-008	0.000000e+000	0.000000e+000	-9.333054e-002	1.800000e+000
7.000202884349544e-008	0.000000e+000	0.000000e+000	-9.287842e-002	1.800000e+000
7.000214421747714e-008	0.000000e+000	0.000000e+000	-9.021124e-002	1.800000e+000
7.000229804945275e-008	0.000000e+000	0.000000e+000	-8.677440e-002	1.800000e+000
7.000260571340396e-008	0.000000e+000	0.000000e+000	-8.028775e-002	1.800000e+000
7.000322104130640e-008	0.000000e+000	0.000000e+000	-6.871073e-002	1.800000e+000
7.000445169711126e-008	0.000000e+000	0.000000e+000	-5.011910e-002	1.800000e+000
7.000691300872097e-008	0.000000e+000	0.000000e+000	-2.543392e-002	1.800000e+000
7.001183563194041e-008	0.000000e+000	0.000000e+000	-1.890277e-003	1.800000e+000
7.002168087837928e-008	0.000000e+000	0.000000e+000	1.118362e-002	1.800000e+000
7.003150536987984e-008	0.000000e+000	0.000000e+000	1.113184e-002	1.800000e+000
7.005115435288098e-008	0.000000e+000	0.000000e+000	5.174072e-003	1.800000e+000
7.006948592121256e-008	0.000000e+000	0.000000e+000	9.240810e-004	1.800000e+000
7.008929027280191e-008	0.000000e+000	0.000000e+000	-9.520251e-004	1.800000e+000
7.011250359969038e-008	0.000000e+000	0.000000e+000	-1.009555e-003	1.800000e+000
7.014069061644834e-008	0.000000e+000	0.000000e+000	-6.400960e-004	1.800000e+000
7.019205159281606e-008	0.000000e+000	0.000000e+000	-2.749439e-004	1.800000e+000
7.029205159281605e-008	0.000000e+000	0.000000e+000	-4.059665e-005	1.800000e+000
7.039205159281605e-008	0.000000e+000	0.000000e+000	7.641142e-007	1.800000e+000
7.049205159281604e-008	0.000000e+000	0.000000e+000	1.215328e-007	1.800000e+000
7.495069044310530e-008	0.000000e+000	0.000000e+000	8.701014e-009	1.800000e+000
7.499899999999997e-008	0.000000e+000	0.000000e+000	8.687702e-009	1.800000e+000
7.500000000000000e-008	0.000000e+000	0.000000e+000	8.687545e-009	1.800000e+000
7.500005547146923e-008	0.000000e+000	9.984864e-002	2.324184e-007	1.800000e+000
7.500016641440770e-008	0.000000e+000	2.995459e-001	8.239609e-007	1.800000e+000
7.500038830028462e-008	0.000000e+000	6.989405e-001	2.406289e-006	1.800000e+000
7.500061469001891e-008	0.000000e+000	1.106442e+000	4.428160e-006	1.800000e+000
7.500100000000000e-008	0.000000e+000	1.800000e+000	8.324918e-006	1.800000e+000
7.500103853099810e-008	0.000000e+000	1.800000e+000	8.731980e-006	1.800000e+000
7.500111559299432e-008	0.000000e+000	1.800000e+000	9.489690e-006	1.800000e+000
7.500126971698676e-008	0.000000e+000	1.800000e+000	1.074969e-005	1.800000e+000
7.500157796497162e-008	0.000000e+000	1.800000e+000	1.237877e-005	1.800000e+000
7.500219446094136e-008	0.000000e+000	1.800000e+000	1.306436e-005	1.800000e+000
7.500342745288082e-008	0.000000e+000	1.800000e+000	9.259513e-006	1.800000e+000
7.500589343675975e-008	0.000000e+000	1.800000e+000	-1.067629e-006	1.800000e+000
7.501039390722190e-008	0.000000e+000	1.800000e+000	-9.221051e-006	1.800000e+000
7.501693972757682e-008	0.000000e+000	1.800000e+000	-4.767548e-006	1.800000e+000
7.502311004225020e-008	0.000000e+000	1.800000e+000	1.855570e-006	1.800000e+000
7.503545067159694e-008	0.000000e+000	1.800000e+000	3.757659e-006	1.800000e+000
7.505226839969960e-008	0.000000e+000	1.800000e+000	1.414060e-006	1.800000e+000
7.507820416504403e-008	0.000000e+000	1.800000e+000	6.108909e-006	1.800000e+000
7.510544659730338e-008	0.000000e+000	1.800000e+000	7.451578e-006	1.800000e+000
7.513154819519522e-008	0.000000e+000	1.800000e+000	-1.605684e-005	1.800000e+000
7.514813632093579e-008	0.000000e+000	1.800000e+000	-2.861506e-005	1.800000e+000
7.517126379546119e-008	0.000000e+000	1.800000e+000	-6.080222e-006	1.800000e+000
7.519458852771503e-008	0.000000e+000	1.800000e+000	1.477236e-005	1.800000e+000
7.521973548272286e-008	0.000000e+000	1.800000e+000	6.575529e-006	1.800000e+000
7.525489352652511e-008	0.000000e+000	1.800000e+000	-1.880966e-006	1.800000e+000
7.532497576146550e-008	0.000000e+000	1.800000e+000	4.610769e-007	1.800000e+000
7.542497576146550e-008	0.000000e+000	1.800000e+000	-5.095950e-008	1.800000e+000
7.552497576146549e-008	0.000000e+000	1.800000e+000	6.274797e-008	1.800000e+000
7.562497576146549e-008	0.000000e+000	1.800000e+000	5.807692e-009	1.800000e+000
7.572497576146548e-008	0.000000e+000	1.800000e+000	3.809646e-008	1.800000e+000
7.582497576146548e-008	0.000000e+000	1.800000e+000	2.164472e-008	1.800000e+000
7.592497576146547e-008	0.000000e+000	1.800000e+000	2.242280e-008	1.800000e+000
7.602497576146546e-008	0.000000e+000	1.800000e+000	2.532389e-008	1.800000e+000
7.622497576146545e-008	0.000000e+000	1.800000e+000	2.420134e-008	1.800000e+000
7.642497576146544e-008	0.000000e+000	1.800000e+000	2.149946e-008	1.800000e+000
7.672497576146542e-008	0.000000e+000	1.800000e+000	8.564072e-009	1.800000e+000
7.698211861860826e-008	0.000000e+000	1.800000e+000	9.281903e-009	1.800000e+000
7.723926147575110e-008	0.000000e+000	1.800000e+000	9.763439e-009	1.800000e+000
7.749640433289395e-008	0.000000e+000	1.800000e+000	1.000868e-008	1.800000e+000
7.775354719003680e-008	0.000000e+000	1.800000e+000	1.001763e-008	1.800000e+000
7.801069004717964e-008	0.000000e+000	1.800000e+000	9.790277e-009	1.800000e+000
7.826783290432248e-008	0.000000e+000	1.800000e+000	9.326633e-009	1.800000e+000
7.852497576146532e-008	0.000000e+000	1.800000e+000	8.626694e-009	1.800000e+000
7.999900000000089e-008	0.000000e+000	1.800000e+000	8.679055e-009	1.800000e+000
8.000000000000000e-008	0.000000e+000	1.800000e+000	8.679056e-009	1.800000e+000
8.000005790775061e-008	1.042340e-001	1.800000e+000	7.259833e-003	1.800000e+000
8.000017372325183e-008	3.127019e-001	1.800000e+000	2.152920e-002	1.800000e+000
8.000040535425427e-008	7.296377e-001	1.800000e+000	4.913910e-002	1.800000e+000
8.000061681624150e-008	1.110269e+000	1.800000e+000	7.285838e-002	1.800000e+000
8.000100000000000e-008	1.800000e+000	1.800000e+000	1.134272e-001	1.800000e+000
8.000103831837586e-008	1.800000e+000	1.800000e+000	1.122794e-001	1.800000e+000
8.000111495512757e-008	1.800000e+000	1.800000e+000	1.100065e-001	1.800000e+000
8.000126822863097e-008	1.800000e+000	1.800000e+000	1.055723e-001	1.800000e+000
8.000157477563778e-008	1.800000e+000	1.800000e+000	9.715445e-002	1.800000e+000
8.000218786965141e-008	1.800000e+000	1.800000e+000	8.202544e-002	1.800000e+000
8.000341405767867e-008	1.800000e+000	1.800000e+000	5.761271e-002	1.800000e+000
8.000586643373317e-008	1.800000e+000	1.800000e+000	2.534144e-002	1.800000e+000
8.001077118584218e-008	1.800000e+000	1.800000e+000	-5.153202e-003	1.800000e+000
8.001854514426430e-008	1.800000e+000	1.800000e+000	-1.667858e-002	1.800000e+000
8.002681387537552e-008	1.800000e+000	1.800000e+000	-1.301653e-002	1.800000e+000
8.004017581196996e-008	1.800000e+000	1.800000e+000	-4.635363e-003	1.800000e+000
8.005587982582861e-008	1.800000e+000	1.800000e+000	2.909422e-004	1.800000e+000
8.007048916713108e-008	1.800000e+000	1.800000e+000	1.167040e-003	1.800000e+000
8.008516575312376e-008	1.800000e+000	1.800000e+000	6.027704e-004	1.800000e+000
8.010230103773437e-008	1.800000e+000	1.800000e+000	1.836426e-004	1.800000e+000
8.013657160695558e-008	1.800000e+000	1.800000e+000	3.192127e-005	1.800000e+000
8.015509034166521e-008	1.800000e+000	1.800000e+000	5.816537e-006	1.800000e+000
8.017854060883080e-008	1.800000e+000	1.800000e+000	-1.369514e-005	1.800000e+000
8.019842977412951e-008	1.800000e+000	1.800000e+000	-1.119361e-005	1.800000e+000
8.022253865511312e-008	1.800000e+000	1.800000e+000	2.624838e-006	1.800000e+000
8.027045016346248e-008	1.800000e+000	1.800000e+000	1.377106e-006	1.800000e+000
8.036627318016120e-008	1.800000e+000	1.800000e+000	-6.043192e-008	1.800000e+000
8.046627318016119e-008	1.800000e+000	1.800000e+000	7.114897e-008	1.800000e+000
8.056627318016119e-008	1.800000e+000	1.800000e+000	-1.631145e-008	1.800000e+000
9.000000000000001e-008	1.800000e+000	1.800000e+000	8.676474e-009	1.800000e+000
9.000100000000001e-008	1.800000e+000	1.800000e+000	8.675869e-009	1.800000e+000
9.000107661492265e-008	1.662093e+000	1.800000e+000	-6.316865e-003	1.800000e+000
9.000122984476791e-008	1.386279e+000	1.800000e+000	-1.960127e-002	1.800000e+000
9.000153630445843e-008	8.346519e-001	1.800000e+000	-4.868167e-002	1.800000e+000
9.000167527446477e-008	5.845060e-001	1.800000e+000	-6.232553e-002	1.800000e+000
9.000195321447745e-008	8.421394e-002	1.800000e+000	-8.919129e-002	1.800000e+000
9.000200000000001e-008	0.000000e+000	1.800000e+000	-9.354723e-002	1.800000e+000
9.000200949476601e-008	0.000000e+000	1.800000e+000	-9.332347e-002	1.800000e+000
9.000202848429799e-008	0.000000e+000	1.800000e+000	-9.287723e-002	1.800000e+000
9.000214242148989e-008	0.000000e+000	1.800000e+000	-9.024424e-002	1.800000e+000
9.000229433774577e-008	0.000000e+000	1.800000e+000	-8.684991e-002	1.800000e+000
9.000259817025751e-008	0.000000e+000	1.800000e+000	-8.043864e-002	1.800000e+000
9.000320583528101e-008	0.000000e+000	1.800000e+000	-6.897949e-002	1.800000e+000
9.000442116532798e-008	0.000000e+000	1.800000e+000	-5.052861e-002	1.800000e+000
9.000685182542192e-008	0.000000e+000	1.800000e+000	-2.591298e-002	1.800000e+000
9.001171314560981e-008	0.000000e+000	1.800000e+000	-2.242679e-003	1.800000e+000
9.002143578598560e-008	0.000000e+000	1.800000e+000	1.125029e-002	1.800000e+000
9.003040443220498e-008	0.000000e+000	1.800000e+000	1.144738e-002	1.800000e+000
9.004666160964397e-008	0.000000e+000	1.800000e+000	6.459931e-003	1.800000e+000
9.006637171676033e-008	0.000000e+000	1.800000e+000	1.563512e-003	1.800000e+000
9.008762791121412e-008	0.000000e+000	1.800000e+000	-8.303554e-004	1.800000e+000
9.011080220862505e-008	0.000000e+000	1.800000e+000	-1.027839e-003	1.800000e+000
9.013714630272189e-008	0.000000e+000	1.800000e+000	-6.581190e-004	1.800000e+000
9.015506754061828e-008	0.000000e+000	1.800000e+000	-4.544477e-004	1.800000e+000
9.017664799756348e-008	0.000000e+000	1.800000e+000	-2.694268e-004	1.800000e+000
9.020084919614723e-008	0.000000e+000	1.800000e+000	-1.548448e-004	1.800000e+000
9.022732205496077e-008	0.000000e+000	1.800000e+000	-9.539876e-005	1.800000e+000
9.026850879985572e-008	0.000000e+000	1.800000e+000	-4.810918e-005	1.800000e+000
9.034018630359340e-008	0.000000e+000	1.800000e+000	-1.249032e-005	1.800000e+000
9.044018630359340e-008	0.000000e+000	1.800000e+000	-1.220708e-006	1.800000e+000
9.054018630359339e-008	0.000000e+000	1.800000e+000	5.300345e-008	1.800000e+000
9.064018630359339e-008	0.000000e+000	1.800000e+000	-3.313382e-009	1.800000e+000
9.074018630359338e-008	0.000000e+000	1.800000e+000	1.675392e-008	1.800000e+000
9.206287397450722e-008	0.000000e+000	1.800000e+000	1.313237e-008	1.800000e+000
9.338556164542106e-008	0.000000e+000	1.800000e+000	1.033330e-008	1.800000e+000
9.470824931633489e-008	0.000000e+000	1.800000e+000	8.356718e-009	1.800000e+000
9.603093698724873e-008	0.000000e+000	1.800000e+000	7.202628e-009	1.800000e+000
9.735362465816257e-008	0.000000e+000	1.800000e+000	6.871026e-009	1.800000e+000
9.867631232907640e-008	0.000000e+000	1.800000e+000	7.361912e-009	1.800000e+000
9.999899999999024e-008	0.000000e+000	1.800000e+000	8.675288e-009	1.800000e+000
1.000000000000000e-007	0.000000e+000	1.800000e+000	8.675288e-009	1.800000e+000
1.000000579077881e-007	1.042340e-001	1.800000e+000	7.259876e-003	1.800000e+000
1.000001737233643e-007	3.127021e-001	1.800000e+000	2.152930e-002	1.800000e+000
1.000004053545166e-007	7.296382e-001	1.800000e+000	4.913956e-002	1.800000e+000
1.000006168161744e-007	1.110269e+000	1.800000e+000	7.285962e-002	1.800000e+000
1.000010000000000e-007	1.800000e+000	1.800000e+000	1.134304e-001	1.800000e+000
1.000010383183826e-007	1.800000e+000	1.800000e+000	1.117357e-001	1.731027e+000
1.000011149551477e-007	1.800000e+000	1.800000e+000	1.083681e-001	1.593081e+000
1.000012682286780e-007	1.800000e+000	1.800000e+000	1.017073e-001	1.317188e+000
1.000015747757385e-007	1.800000e+000	1.800000e+000	8.899286e-002	7.654037e-001
1.000019333551330e-007	1.800000e+000	1.800000e+000	7.537460e-002	1.199608e-001
1.000020000000000e-007	1.800000e+000	1.800000e+000	7.303638e-002	0.000000e+000
1.000020132693239e-007	1.800000e+000	1.800000e+000	7.277928e-002	0.000000e+000
1.000020398079716e-007	1.800000e+000	1.800000e+000	7.226691e-002	0.000000e+000
1.000020928852670e-007	1.800000e+000	1.800000e+000	7.125106e-002	0.000000e+000
1.000021990398579e-007	1.800000e+000	1.800000e+000	6.925546e-002	0.000000e+000
1.000024113490397e-007	1.800000e+000	1.800000e+000	6.540556e-002	0.000000e+000
1.000028359674032e-007	1.800000e+000	1.800000e+000	5.824305e-002	0.000000e+000
1.000036852041303e-007	1.800000e+000	1.800000e+000	4.583549e-002	0.000000e+000
1.000053836775844e-007	1.800000e+000	1.800000e+000	2.709582e-002	0.000000e+000
1.000087806244926e-007	1.800000e+000	1.800000e+000	4.879653e-003	0.000000e+000
1.000148431716682e-007	1.800000e+000	1.800000e+000	-1.138919e-002	0.000000e+000
1.000204261275197e-007	1.800000e+000	1.800000e+000	-1.337980e-002	0.000000e+000
1.000315920392226e-007	1.800000e+000	1.800000e+000	-7.961610e-003	0.000000e+000
1.000458333403117e-007	1.800000e+000	1.800000e+000	-2.031206e-003	0.000000e+000
1.000599293428689e-007	1.800000e+000	1.800000e+000	7.455189e-004	0.000000e+000
1.000765201998320e-007	1.800000e+000	1.800000e+000	6.327187e-004	0.000000e+000
1.000932447900428e-007	1.800000e+000	1.800000e+000	-4.011807e-004	0.000000e+000
1.001150477523194e-007	1.800000e+000	1.800000e+000	-6.782293e-004	0.000000e+000
1.001348968594918e-007	1.800000e+000	1.800000e+000	-4.449862e-004	0.000000e+000
1.001537423225353e-007	1.800000e+000	1.800000e+000	-3.102969e-004	0.000000e+000
1.001756315384851e-007	1.800000e+000	1.800000e+000	-1.913880e-004	0.000000e+000
1.002003527809339e-007	1.800000e+000	1.800000e+000	-8.118866e-005	0.000000e+000
1.002279531707126e-007	1.800000e+000	1.800000e+000	-1.468369e-005	0.000000e+000
1.002735686089998e-007	1.800000e+000	1.800000e+000	3.441769e-006	0.000000e+000
1.003343139848030e-007	1.800000e+000	1.800000e+000	1.666802e-006	0.000000e+000
1.004343139848030e-007	1.800000e+000	1.800000e+000	-7.892390e-008	0.000000e+000
1.005343139848030e-007	1.800000e+000	1.800000e+000	5.014067e-008	0.000000e+000
1.006343139848030e-007	1.800000e+000	1.800000e+000	-5.330890e-009	0.000000e+000
1.007343139848030e-007	1.800000e+000	1.800000e+000	1.349565e-008	0.000000e+000
1.008343139848030e-007	1.800000e+000	1.800000e+000	7.818016e-009	0.000000e+000
1.009343139848030e-007	1.800000e+000	1.800000e+000	9.427367e-009	0.000000e+000
1.010343139848030e-007	1.800000e+000	1.800000e+000	8.508778e-009	0.000000e+000
1.011343139848029e-007	1.800000e+000	1.800000e+000	9.850396e-009	0.000000e+000
1.013914568419458e-007	1.800000e+000	1.800000e+000	1.239121e-008	0.000000e+000
1.016485996990886e-007	1.800000e+000	1.800000e+000	1.469930e-008	0.000000e+000
1.019057425562315e-007	1.800000e+000	1.800000e+000	1.677467e-008	0.000000e+000
1.021628854133743e-007	1.800000e+000	1.800000e+000	1.861731e-008	0.000000e+000
1.024200282705172e-007	1.800000e+000	1.800000e+000	2.022723e-008	0.000000e+000
1.026771711276600e-007	1.800000e+000	1.800000e+000	2.160443e-008	0.000000e+000
1.029343139848028e-007	1.800000e+000	1.800000e+000	2.274891e-008	0.000000e+000
1.039200282705171e-007	1.800000e+000	1.800000e+000	1.788354e-008	0.000000e+000
1.049057425562313e-007	1.800000e+000	1.800000e+000	1.400495e-008	0.000000e+000
1.058914568419455e-007	1.800000e+000	1.800000e+000	1.111314e-008	0.000000e+000
1.068771711276598e-007	1.800000e+000	1.800000e+000	9.208111e-009	0.000000e+000
1.078628854133740e-007	1.800000e+000	1.800000e+000	8.289862e-009	0.000000e+000
1.088485996990882e-007	1.800000e+000	1.800000e+000	8.358391e-009	0.000000e+000
1.098343139848025e-007	1.800000e+000	1.800000e+000	9.413701e-009	0.000000e+000
1.099020000000000e-007	1.800000e+000	1.800000e+000	-1.252604e-008	0.000000e+000
1.099159999999998e-007	1.800000e+000	1.800000e+000	9.323061e-009	0.000000e+000
1.099999999999904e-007	1.800000e+000	1.800000e+000	8.665436e-009	0.000000e+000
1.100010000000000e-007	1.800000e+000	1.800000e+000	8.664965e-009	0.000000e+000
1.100010766152420e-007	1.662093e+000	1.800000e+000	-6.340520e-003	0.000000e+000
1.100012298457261e-007	1.386278e+000	1.800000e+000	-1.967782e-002	0.000000e+000
1.100015363066943e-007	8.346480e-001	1.800000e+000	-4.888317e-002	0.000000e+000
1.100016752742477e-007	5.845063e-001	1.800000e+000	-6.259207e-002	0.000000e+000
1.100019532093545e-007	8.422316e-002	1.800000e+000	-8.959921e-002	0.000000e+000
1.100020000000000e-007	0.000000e+000	1.800000e+000	-9.398026e-002	0.000000e+000
1.100020094953657e-007	0.000000e+000	1.800000e+000	-9.375764e-002	0.000000e+000
1.100020284860969e-007	0.000000e+000	1.800000e+000	-9.331372e-002	0.000000e+000
1.100020664675595e-007	0.000000e+000	1.800000e+000	-9.243222e-002	0.000000e+000
1.100021424304846e-007	0.000000e+000	1.800000e+000	-9.069484e-002	0.000000e+000
1.100022943563348e-007	0.000000e+000	1.800000e+000	-8.731966e-002	0.000000e+000
1.100025982080353e-007	0.000000e+000	1.800000e+000	-8.094545e-002	0.000000e+000
1.100032059114362e-007	0.000000e+000	1.800000e+000	-6.954343e-002	0.000000e+000
1.100044213182380e-007	0.000000e+000	1.800000e+000	-5.112415e-002	0.000000e+000
1.100068521318417e-007	0.000000e+000	1.800000e+000	-2.637924e-002	0.000000e+000
1.100117137590489e-007	0.000000e+000	1.800000e+000	-2.300728e-003	0.000000e+000
1.100214370134635e-007	0.000000e+000	1.800000e+000	1.163259e-002	0.000000e+000
1.100304050756421e-007	0.000000e+000	1.800000e+000	1.171385e-002	0.000000e+000
1.100466752276483e-007	0.000000e+000	1.800000e+000	6.365147e-003	0.000000e+000
1.100663865882272e-007	0.000000e+000	1.800000e+000	1.455974e-003	0.000000e+000
1.100876485569722e-007	0.000000e+000	1.800000e+000	-8.405221e-004	0.000000e+000
1.101108122704652e-007	0.000000e+000	1.800000e+000	-1.005800e-003	0.000000e+000
1.101371700682490e-007	0.000000e+000	1.800000e+000	-6.595493e-004	0.000000e+000
1.101553166735447e-007	0.000000e+000	1.800000e+000	-4.782472e-004	0.000000e+000
1.101782259241156e-007	0.000000e+000	1.800000e+000	-2.733990e-004	0.000000e+000
1.102016223077843e-007	0.000000e+000	1.800000e+000	-1.276121e-004	0.000000e+000
1.102301329629365e-007	0.000000e+000	1.800000e+000	-6.533593e-005	0.000000e+000
1.102582368381200e-007	0.000000e+000	1.800000e+000	-9.314094e-005	0.000000e+000
1.102880657331672e-007	0.000000e+000	1.800000e+000	-8.438685e-005	0.000000e+000
1.103108539531044e-007	0.000000e+000	1.800000e+000	4.458610e-005	0.000000e+000
1.103313847105104e-007	0.000000e+000	1.800000e+000	1.283261e-004	0.000000e+000
1.103536616307434e-007	0.000000e+000	1.800000e+000	5.135038e-005	0.000000e+000
1.103792524081963e-007	0.000000e+000	1.800000e+000	-3.543139e-005	0.000000e+000
1.104062081359031e-007	0.000000e+000	1.800000e+000	-3.163584e-005	0.000000e+000
1.104601195913166e-007	0.000000e+000	1.800000e+000	-1.034195e-005	0.000000e+000
1.105478034584965e-007	0.000000e+000	1.800000e+000	-2.649303e-006	0.000000e+000
1.106478034584965e-007	0.000000e+000	1.800000e+000	5.879770e-008	0.000000e+000
1.107478034584965e-007	0.000000e+000	1.800000e+000	-7.817516e-008	0.000000e+000
1.108478034584965e-007	0.000000e+000	1.800000e+000	8.370057e-008	0.000000e+000
1.109478034584965e-007	0.000000e+000	1.800000e+000	-5.037896e-008	0.000000e+000
1.110478034584965e-007	0.000000e+000	1.800000e+000	6.311154e-008	0.000000e+000
1.111478034584965e-007	0.000000e+000	1.800000e+000	-3.509945e-008	0.000000e+000
1.112478034584965e-007	0.000000e+000	1.800000e+000	4.881031e-008	0.000000e+000
1.113478034584965e-007	0.000000e+000	1.800000e+000	-2.345769e-008	0.000000e+000
1.114478034584965e-007	0.000000e+000	1.800000e+000	3.781801e-008	0.000000e+000
1.115478034584965e-007	0.000000e+000	1.800000e+000	-1.457437e-008	0.000000e+000
1.116478034584965e-007	0.000000e+000	1.800000e+000	2.962338e-008	0.000000e+000
1.117478034584965e-007	0.000000e+000	1.800000e+000	-8.000839e-009	0.000000e+000
1.118478034584964e-007	0.000000e+000	1.800000e+000	2.361487e-008	0.000000e+000
1.119478034584964e-007	0.000000e+000	1.800000e+000	-3.209379e-009	0.000000e+000
1.133478034584964e-007	0.000000e+000	1.800000e+000	8.166310e-009	0.000000e+000
1.136478034584963e-007	0.000000e+000	1.800000e+000	1.413859e-008	0.000000e+000
1.145335177442106e-007	0.000000e+000	1.800000e+000	1.266735e-008	0.000000e+000
1.154192320299248e-007	0.000000e+000	1.800000e+000	1.154669e-008	0.000000e+000
1.163049463156391e-007	0.000000e+000	1.800000e+000	1.077663e-008	0.000000e+000
1.171906606013533e-007	0.000000e+000	1.800000e+000	1.035717e-008	0.000000e+000
1.180763748870676e-007	0.000000e+000	1.800000e+000	1.028830e-008	0.000000e+000
1.189620891727818e-007	0.000000e+000	1.800000e+000	1.057003e-008	0.000000e+000
1.198478034584961e-007	0.000000e+000	1.800000e+000	1.120235e-008	0.000000e+000
1.199000000000000e-007	0.000000e+000	1.800000e+000	-6.308982e-008	0.000000e+000
1.199029999999999e-007	0.000000e+000	1.800000e+000	2.792624e-010	0.000000e+000
1.199069999999998e-007	0.000000e+000	1.800000e+000	1.118824e-008	0.000000e+000
1.199989999999797e-007	0.000000e+000	1.800000e+000	8.682695e-009	0.000000e+000
1.200000000000000e-007	4.764560e-011	1.800000e+000	8.684164e-009	0.000000e+000
1.200000579200463e-007	1.042561e-001	1.800000e+000	7.261510e-003	0.000000e+000
1.200001737601389e-007	3.127683e-001	1.800000e+000	2.153560e-002	0.000000e+000
1.200004054403242e-007	7.297926e-001	1.800000e+000	4.920425e-002	0.000000e+000
1.200006156706603e-007	1.108207e+000	1.800000e+000	7.291318e-002	0.000000e+000
1.200010000000000e-007	1.800000e+000	1.800000e+000	1.138998e-001	0.000000e+000
1.200010384329340e-007	1.800000e+000	1.800000e+000	1.127468e-001	0.000000e+000
1.200011152988019e-007	1.800000e+000	1.800000e+000	1.104662e-001	0.000000e+000
1.200012690305378e-007	1.800000e+000	1.800000e+000	1.060255e-001	0.000000e+000
1.200015764940095e-007	1.800000e+000	1.800000e+000	9.761235e-002	0.000000e+000
1.200021914209530e-007	1.800000e+000	1.800000e+000	8.248632e-002	0.000000e+000
1.200034212748399e-007	1.800000e+000	1.800000e+000	5.793743e-002	0.000000e+000
1.200058809826137e-007	1.800000e+000	1.800000e+000	2.514591e-002	0.000000e+000
1.200108003981614e-007	1.800000e+000	1.800000e+000	-6.412241e-003	0.000000e+000
1.200181484694489e-007	1.800000e+000	1.800000e+000	-1.800208e-002	0.000000e+000
1.200260968083670e-007	1.800000e+000	1.800000e+000	-1.400853e-002	0.000000e+000
1.200395796620709e-007	1.800000e+000	1.800000e+000	-3.758929e-003	0.000000e+000
1.200544039010570e-007	1.800000e+000	1.800000e+000	2.560305e-003	0.000000e+000
1.200719834642780e-007	1.800000e+000	1.800000e+000	3.284793e-003	0.000000e+000
1.200878297624890e-007	1.800000e+000	1.800000e+000	-3.171757e-003	0.000000e+000
1.201079062055465e-007	1.800000e+000	1.800000e+000	-2.080787e-002	0.000000e+000
1.201287620772346e-007	1.800000e+000	1.800000e+000	-2.674706e-002	0.000000e+000
1.201503154648588e-007	1.800000e+000	1.800000e+000	7.063694e-002	0.000000e+000
1.201702822725966e-007	1.800000e+000	1.800000e+000	3.638239e-001	0.000000e+000
1.201957526859072e-007	1.800000e+000	1.800000e+000	9.332223e-001	0.000000e+000
1.202144497200277e-007	1.800000e+000	1.800000e+000	1.298365e+000	0.000000e+000
1.202394220409396e-007	1.800000e+000	1.800000e+000	1.587176e+000	0.000000e+000
1.202548832962425e-007	1.800000e+000	1.800000e+000	1.682679e+000	0.000000e+000
1.202734631001265e-007	1.800000e+000	1.800000e+000	1.751433e+000	0.000000e+000
1.202906944304019e-007	1.800000e+000	1.800000e+000	1.784563e+000	0.000000e+000
1.203107220771369e-007	1.800000e+000	1.800000e+000	1.794980e+000	0.000000e+000
1.203507773706070e-007	1.800000e+000	1.800000e+000	1.799035e+000	0.000000e+000
1.204216721299585e-007	1.800000e+000	1.800000e+000	1.800002e+000	0.000000e+000
1.205216721299585e-007	1.800000e+000	1.800000e+000	1.799998e+000	0.000000e+000
1.206216721299585e-007	1.800000e+000	1.800000e+000	1.800001e+000	0.000000e+000
1.207216721299585e-007	1.800000e+000	1.800000e+000	1.799999e+000	0.000000e+000
1.208216721299585e-007	1.800000e+000	1.800000e+000	1.800001e+000	0.000000e+000
1.231216721299587e-007	1.800000e+000	1.800000e+000	1.800000e+000	0.000000e+000
1.233359578442444e-007	1.800000e+000	1.800000e+000	1.800000e+000	0.000000e+000
1.235502435585301e-007	1.800000e+000	1.800000e+000	1.800000e+000	0.000000e+000
1.237645292728159e-007	1.800000e+000	1.800000e+000	1.800000e+000	0.000000e+000
1.239788149871016e-007	1.800000e+000	1.800000e+000	1.800000e+000	0.000000e+000
1.241931007013873e-007	1.800000e+000	1.800000e+000	1.800000e+000	0.000000e+000
1.244073864156730e-007	1.800000e+000	1.800000e+000	1.800000e+000	0.000000e+000
1.246216721299588e-007	1.800000e+000	1.800000e+000	1.800000e+000	0.000000e+000
1.253645292728160e-007	1.800000e+000	1.800000e+000	1.800000e+000	0.000000e+000
1.261073864156732e-007	1.800000e+000	1.800000e+000	1.800000e+000	0.000000e+000
1.268502435585304e-007	1.800000e+000	1.800000e+000	1.800000e+000	0.000000e+000
1.275931007013876e-007	1.800000e+000	1.800000e+000	1.800000e+000	0.000000e+000
1.283359578442448e-007	1.800000e+000	1.800000e+000	1.800000e+000	0.000000e+000
1.290788149871020e-007	1.800000e+000	1.800000e+000	1.800000e+000	0.000000e+000
1.298216721299592e-007	1.800000e+000	1.800000e+000	1.800000e+000	0.000000e+000
1.299010000000000e-007	1.800000e+000	1.800000e+000	1.800000e+000	0.000000e+000
1.299039999999999e-007	1.800000e+000	1.800000e+000	1.800000e+000	0.000000e+000
1.299177142857129e-007	1.800000e+000	1.800000e+000	1.800000e+000	0.000000e+000
1.299314285714258e-007	1.800000e+000	1.800000e+000	1.800000e+000	0.000000e+000
1.299451428571387e-007	1.800000e+000	1.800000e+000	1.800000e+000	0.000000e+000
1.299588571428516e-007	1.800000e+000	1.800000e+000	1.800000e+000	0.000000e+000
1.299725714285646e-007	1.800000e+000	1.800000e+000	1.800000e+000	0.000000e+000
1.299862857142775e-007	1.800000e+000	1.800000e+000	1.800000e+000	0.000000e+000
1.299999999999904e-007	1.800000e+000	1.800000e+000	1.800000e+000	0.000000e+000
1.300010000000000e-007	1.800000e+000	1.800000e+000	1.800000e+000	0.000000e+000
1.300010781672951e-007	1.659299e+000	1.800000e+000	1.793229e+000	0.000000e+000
1.300012345018853e-007	1.377897e+000	1.800000e+000	1.779898e+000	0.000000e+000
1.300015471710658e-007	8.150921e-001	1.800000e+000	1.753855e+000	0.000000e+000
1.300016733761672e-007	5.879229e-001	1.800000e+000	1.743795e+000	0.000000e+000
1.300019257863700e-007	1.335845e-001	1.800000e+000	1.724544e+000	0.000000e+000
1.300020000000000e-007	0.000000e+000	1.800000e+000	1.719030e+000	0.000000e+000
1.300020128632816e-007	0.000000e+000	1.800000e+000	1.719319e+000	0.000000e+000
1.300020385898449e-007	0.000000e+000	1.800000e+000	1.719893e+000	0.000000e+000
1.300020900429713e-007	0.000000e+000	1.800000e+000	1.721030e+000	0.000000e+000
1.300021929492242e-007	0.000000e+000	1.800000e+000	1.723261e+000	0.000000e+000
1.300023987617299e-007	0.000000e+000	1.800000e+000	1.727572e+000	0.000000e+000
1.300028103867415e-007	0.000000e+000	1.800000e+000	1.735603e+000	0.000000e+000
1.300036336367646e-007	0.000000e+000	1.800000e+000	1.749487e+000	0.000000e+000
1.300052801368108e-007	0.000000e+000	1.800000e+000	1.770243e+000	0.000000e+000
1.300085731369032e-007	0.000000e+000	1.800000e+000	1.794069e+000	0.000000e+000
1.300151591370880e-007	0.000000e+000	1.800000e+000	1.810193e+000	0.000000e+000
1.300255772281772e-007	0.000000e+000	1.800000e+000	1.808797e+000	0.000000e+000
1.300370113641510e-007	0.000000e+000	1.800000e+000	1.803543e+000	0.000000e+000
1.300548589061993e-007	0.000000e+000	1.800000e+000	1.801757e+000	0.000000e+000
1.300752925621940e-007	0.000000e+000	1.800000e+000	1.800557e+000	0.000000e+000
1.300988587283719e-007	0.000000e+000	1.800000e+000	1.799247e+000	0.000000e+000
1.301259691537672e-007	0.000000e+000	1.800000e+000	1.799316e+000	0.000000e+000
1.301620494537992e-007	0.000000e+000	1.800000e+000	1.799733e+000	0.000000e+000
1.302342100538632e-007	0.000000e+000	1.800000e+000	1.799958e+000	0.000000e+000
1.303342100538632e-007	0.000000e+000	1.800000e+000	1.800003e+000	0.000000e+000
1.304342100538632e-007	0.000000e+000	1.800000e+000	1.799999e+000	0.000000e+000
1.305342100538632e-007	0.000000e+000	1.800000e+000	1.800000e+000	0.000000e+000
1.306342100538632e-007	0.000000e+000	1.800000e+000	1.800000e+000	0.000000e+000
1.307342100538632e-007	0.000000e+000	1.800000e+000	1.800000e+000	0.000000e+000
1.308342100538632e-007	0.000000e+000	1.800000e+000	1.800000e+000	0.000000e+000
1.309342100538632e-007	0.000000e+000	1.800000e+000	1.800000e+000	0.000000e+000
1.310342100538632e-007	0.000000e+000	1.800000e+000	1.800000e+000	0.000000e+000
1.311342100538632e-007	0.000000e+000	1.800000e+000	1.800000e+000	0.000000e+000
1.312342100538632e-007	0.000000e+000	1.800000e+000	1.800000e+000	0.000000e+000
1.313342100538633e-007	0.000000e+000	1.800000e+000	1.800000e+000	0.000000e+000
1.314342100538633e-007	0.000000e+000	1.800000e+000	1.800000e+000	0.000000e+000
1.319627814824347e-007	0.000000e+000	1.800000e+000	1.800000e+000	0.000000e+000
1.324913529110062e-007	0.000000e+000	1.800000e+000	1.800000e+000	0.000000e+000
1.330199243395777e-007	0.000000e+000	1.800000e+000	1.800000e+000	0.000000e+000
1.335484957681491e-007	0.000000e+000	1.800000e+000	1.800000e+000	0.000000e+000
1.340770671967206e-007	0.000000e+000	1.800000e+000	1.800000e+000	0.000000e+000
1.346056386252921e-007	0.000000e+000	1.800000e+000	1.800000e+000	0.000000e+000
1.351342100538635e-007	0.000000e+000	1.800000e+000	1.800000e+000	0.000000e+000
1.399990000000008e-007	0.000000e+000	1.800000e+000	1.800000e+000	0.000000e+000
1.400000000000000e-007	0.000000e+000	1.800000e+000	1.800000e+000	0.000000e+000
1.400000579196679e-007	1.042554e-001	1.800000e+000	1.805279e+000	0.000000e+000
1.400001737590037e-007	3.127662e-001	1.800000e+000	1.815604e+000	0.000000e+000
1.400004054376752e-007	7.297878e-001	1.800000e+000	1.835464e+000	0.000000e+000
1.400006154447263e-007	1.107800e+000	1.800000e+000	1.852224e+000	0.000000e+000
1.400010000000000e-007	1.800000e+000	1.800000e+000	1.880931e+000	0.000000e+000
1.400010384555274e-007	1.800000e+000	1.800000e+000	1.880235e+000	0.000000e+000
1.400011153665821e-007	1.800000e+000	1.800000e+000	1.878849e+000	0.000000e+000
1.400012691886916e-007	1.800000e+000	1.800000e+000	1.876143e+000	0.000000e+000
1.400015768329106e-007	1.800000e+000	1.800000e+000	1.870994e+000	0.000000e+000
1.400021921213486e-007	1.800000e+000	1.800000e+000	1.861666e+000	0.000000e+000
1.400034226982245e-007	1.800000e+000	1.800000e+000	1.846182e+000	0.000000e+000
1.400058838519765e-007	1.800000e+000	1.800000e+000	1.824229e+000	0.000000e+000
1.400108061594803e-007	1.800000e+000	1.800000e+000	1.800322e+000	0.000000e+000
1.400190703891672e-007	1.800000e+000	1.800000e+000	1.786044e+000	0.000000e+000
1.400276892882558e-007	1.800000e+000	1.800000e+000	1.786317e+000	0.000000e+000
1.400424132727550e-007	1.800000e+000	1.800000e+000	1.795679e+000	0.000000e+000
1.400586079540253e-007	1.800000e+000	1.800000e+000	1.801654e+000	0.000000e+000
1.400766096157673e-007	1.800000e+000	1.800000e+000	1.801435e+000	0.000000e+000
1.400967275608452e-007	1.800000e+000	1.800000e+000	1.800046e+000	0.000000e+000
1.401179011037655e-007	1.800000e+000	1.800000e+000	1.799930e+000	0.000000e+000
1.401602481896059e-007	1.800000e+000	1.800000e+000	1.800008e+000	0.000000e+000
1.402449423612867e-007	1.800000e+000	1.800000e+000	1.800004e+000	0.000000e+000
1.403449423612867e-007	1.800000e+000	1.800000e+000	1.799999e+000	0.000000e+000
1.404449423612867e-007	1.800000e+000	1.800000e+000	1.800000e+000	0.000000e+000
1.405449423612867e-007	1.800000e+000	1.800000e+000	1.800000e+000	0.000000e+000
1.406449423612867e-007	1.800000e+000	1.800000e+000	1.800000e+000	0.000000e+000
1.407449423612867e-007	1.800000e+000	1.800000e+000	1.800000e+000	0.000000e+000
1.408449423612867e-007	1.800000e+000	1.800000e+000	1.800000e+000	0.000000e+000
1.409449423612867e-007	1.800000e+000	1.800000e+000	1.800000e+000	0.000000e+000
1.410449423612867e-007	1.800000e+000	1.800000e+000	1.800000e+000	0.000000e+000
1.411449423612868e-007	1.800000e+000	1.800000e+000	1.800000e+000	0.000000e+000
1.412449423612868e-007	1.800000e+000	1.800000e+000	1.800000e+000	0.000000e+000
1.413449423612868e-007	1.800000e+000	1.800000e+000	1.800000e+000	0.000000e+000
1.414592280755725e-007	1.800000e+000	1.800000e+000	1.800000e+000	0.000000e+000
1.415735137898582e-007	1.800000e+000	1.800000e+000	1.800000e+000	0.000000e+000
1.416877995041439e-007	1.800000e+000	1.800000e+000	1.800000e+000	0.000000e+000
1.418020852184297e-007	1.800000e+000	1.800000e+000	1.800000e+000	0.000000e+000
1.419163709327154e-007	1.800000e+000	1.800000e+000	1.800000e+000	0.000000e+000
1.420306566470011e-007	1.800000e+000	1.800000e+000	1.800000e+000	0.000000e+000
1.421449423612868e-007	1.800000e+000	1.800000e+000	1.800000e+000	0.000000e+000
1.433449423612869e-007	1.800000e+000	1.800000e+000	1.800000e+000	0.000000e+000
1.500000000000009e-007	1.800000e+000	1.800000e+000	1.800000e+000	0.000000e+000
1.500010000000000e-007	1.800000e+000	1.800000e+000	1.800000e+000	0.000000e+000
1.500010781672946e-007	1.659299e+000	1.800000e+000	1.793229e+000	0.000000e+000
1.500012345018836e-007	1.377897e+000	1.800000e+000	1.779898e+000	0.000000e+000
1.500015471710618e-007	8.150921e-001	1.800000e+000	1.753855e+000	0.000000e+000
1.500016733761683e-007	5.879229e-001	1.800000e+000	1.743795e+000	0.000000e+000
1.500019257863812e-007	1.335845e-001	1.800000e+000	1.724544e+000	0.000000e+000
1.500020000000000e-007	0.000000e+000	1.800000e+000	1.719030e+000	0.000000e+000
1.500020128632802e-007	0.000000e+000	1.800000e+000	1.719318e+000	0.000000e+000
1.500020385898405e-007	0.000000e+000	1.800000e+000	1.719893e+000	0.000000e+000
1.500020900429611e-007	0.000000e+000	1.800000e+000	1.721030e+000	0.000000e+000
1.500021929492024e-007	0.000000e+000	1.800000e+000	1.723261e+000	0.000000e+000
1.500023987616850e-007	0.000000e+000	1.800000e+000	1.727572e+000	0.000000e+000
1.500028103866502e-007	0.000000e+000	1.800000e+000	1.735602e+000	0.000000e+000
1.500036336365805e-007	0.000000e+000	1.800000e+000	1.749487e+000	0.000000e+000
1.500052801364411e-007	0.000000e+000	1.800000e+000	1.770243e+000	0.000000e+000
1.500085731361624e-007	0.000000e+000	1.800000e+000	1.794069e+000	0.000000e+000
1.500151591356049e-007	0.000000e+000	1.800000e+000	1.810193e+000	0.000000e+000
1.500255772279288e-007	0.000000e+000	1.800000e+000	1.808797e+000	0.000000e+000
1.500370113614479e-007	0.000000e+000	1.800000e+000	1.803543e+000	0.000000e+000
1.500548589024653e-007	0.000000e+000	1.800000e+000	1.801757e+000	0.000000e+000
1.500752925547890e-007	0.000000e+000	1.800000e+000	1.800557e+000	0.000000e+000
1.500988587193839e-007	0.000000e+000	1.800000e+000	1.799247e+000	0.000000e+000
1.501259691443362e-007	0.000000e+000	1.800000e+000	1.799316e+000	0.000000e+000
1.501620494387511e-007	0.000000e+000	1.800000e+000	1.799733e+000	0.000000e+000
1.502342100275809e-007	0.000000e+000	1.800000e+000	1.799958e+000	0.000000e+000
1.503342100275809e-007	0.000000e+000	1.800000e+000	1.800003e+000	0.000000e+000
1.504342100275809e-007	0.000000e+000	1.800000e+000	1.799999e+000	0.000000e+000
1.505342100275809e-007	0.000000e+000	1.800000e+000	1.800000e+000	0.000000e+000
1.506342100275810e-007	0.000000e+000	1.800000e+000	1.800000e+000	0.000000e+000
1.507342100275810e-007	0.000000e+000	1.800000e+000	1.800000e+000	0.000000e+000
1.508342100275810e-007	0.000000e+000	1.800000e+000	1.800000e+000	0.000000e+000
1.509342100275810e-007	0.000000e+000	1.800000e+000	1.800000e+000	0.000000e+000
1.510342100275810e-007	0.000000e+000	1.800000e+000	1.800000e+000	0.000000e+000
1.511342100275810e-007	0.000000e+000	1.800000e+000	1.800000e+000	0.000000e+000
1.512342100275810e-007	0.000000e+000	1.800000e+000	1.800000e+000	0.000000e+000
1.513342100275810e-007	0.000000e+000	1.800000e+000	1.800000e+000	0.000000e+000
1.514342100275810e-007	0.000000e+000	1.800000e+000	1.800000e+000	0.000000e+000
1.519627814561525e-007	0.000000e+000	1.800000e+000	1.800000e+000	0.000000e+000
1.524913528847240e-007	0.000000e+000	1.800000e+000	1.800000e+000	0.000000e+000
1.530199243132954e-007	0.000000e+000	1.800000e+000	1.800000e+000	0.000000e+000
1.535484957418669e-007	0.000000e+000	1.800000e+000	1.800000e+000	0.000000e+000
1.540770671704383e-007	0.000000e+000	1.800000e+000	1.800000e+000	0.000000e+000
1.546056385990098e-007	0.000000e+000	1.800000e+000	1.800000e+000	0.000000e+000
1.551342100275813e-007	0.000000e+000	1.800000e+000	1.800000e+000	0.000000e+000
1.599989999999903e-007	0.000000e+000	1.800000e+000	1.800000e+000	0.000000e+000
1.600000000000000e-007	0.000000e+000	1.800000e+000	1.800000e+000	0.000000e+000
1.600000579196685e-007	1.042554e-001	1.800000e+000	1.805279e+000	0.000000e+000
1.600001737590054e-007	3.127662e-001	1.800000e+000	1.815604e+000	0.000000e+000
1.600004054376793e-007	7.297878e-001	1.800000e+000	1.835464e+000	0.000000e+000
1.600006154447268e-007	1.107800e+000	1.800000e+000	1.852224e+000	0.000000e+000
1.600010000000000e-007	1.800000e+000	1.800000e+000	1.880931e+000	0.000000e+000
1.600010384555273e-007	1.800000e+000	1.730780e+000	1.880234e+000	0.000000e+000
1.600011153665819e-007	1.800000e+000	1.592340e+000	1.878848e+000	0.000000e+000
1.600012691886912e-007	1.800000e+000	1.315460e+000	1.876140e+000	0.000000e+000
1.600015768329098e-007	1.800000e+000	7.617007e-001	1.870932e+000	0.000000e+000
1.600019435323240e-007	1.800000e+000	1.016418e-001	1.864967e+000	0.000000e+000
1.600020000000000e-007	1.800000e+000	0.000000e+000	1.864078e+000	0.000000e+000
1.600020123787501e-007	1.800000e+000	0.000000e+000	1.863888e+000	0.000000e+000
1.600020371362503e-007	1.800000e+000	0.000000e+000	1.863510e+000	0.000000e+000
1.600020866512506e-007	1.800000e+000	0.000000e+000	1.862759e+000	0.000000e+000
1.600021856812513e-007	1.800000e+000	0.000000e+000	1.861282e+000	0.000000e+000
1.600023837412526e-007	1.800000e+000	0.000000e+000	1.858425e+000	0.000000e+000
1.600027798612554e-007	1.800000e+000	0.000000e+000	1.853070e+000	0.000000e+000
1.600035721012608e-007	1.800000e+000	0.000000e+000	1.843601e+000	0.000000e+000
1.600051565812717e-007	1.800000e+000	0.000000e+000	1.828545e+000	0.000000e+000
1.600083255412935e-007	1.800000e+000	0.000000e+000	1.808731e+000	0.000000e+000
1.600139974365059e-007	1.800000e+000	0.000000e+000	1.790745e+000	0.000000e+000
1.600199331218919e-007	1.800000e+000	0.000000e+000	1.784857e+000	0.000000e+000
1.600288949365307e-007	1.800000e+000	0.000000e+000	1.787187e+000	0.000000e+000
1.600410846606648e-007	1.800000e+000	0.000000e+000	1.795221e+000	0.000000e+000
1.600558279283812e-007	1.800000e+000	0.000000e+000	1.801475e+000	0.000000e+000
1.600717080065798e-007	1.800000e+000	0.000000e+000	1.801756e+000	0.000000e+000
1.600910777117787e-007	1.800000e+000	0.000000e+000	1.800208e+000	0.000000e+000
1.601094818132942e-007	1.800000e+000	0.000000e+000	1.799922e+000	0.000000e+000
1.601415064287750e-007	1.800000e+000	0.000000e+000	1.799997e+000	0.000000e+000
1.601854127060658e-007	1.800000e+000	0.000000e+000	1.800010e+000	0.000000e+000
1.602732252606474e-007	1.800000e+000	0.000000e+000	1.800002e+000	0.000000e+000
1.603732252606474e-007	1.800000e+000	0.000000e+000	1.799999e+000	0.000000e+000
1.604732252606474e-007	1.800000e+000	0.000000e+000	1.800000e+000	0.000000e+000
1.609732252606475e-007	1.800000e+000	0.000000e+000	1.800000e+000	0.000000e+000
1.614732252606475e-007	1.800000e+000	0.000000e+000	1.800000e+000	0.000000e+000
1.619732252606475e-007	1.800000e+000	0.000000e+000	1.800000e+000	0.000000e+000
1.624732252606476e-007	1.800000e+000	0.000000e+000	1.800000e+000	0.000000e+000
1.629732252606476e-007	1.800000e+000	0.000000e+000	1.800000e+000	0.000000e+000
1.634732252606477e-007	1.800000e+000	0.000000e+000	1.800000e+000	0.000000e+000
1.639732252606477e-007	1.800000e+000	0.000000e+000	1.800000e+000	0.000000e+000
1.700000000000000e-007	1.800000e+000	0.000000e+000	1.800000e+000	0.000000e+000
1.700010000000000e-007	1.800000e+000	0.000000e+000	1.800000e+000	0.000000e+000
1.700010780733807e-007	1.659468e+000	0.000000e+000	1.793237e+000	0.000000e+000
1.700012342201421e-007	1.378404e+000	0.000000e+000	1.779921e+000	0.000000e+000
1.700015465136650e-007	8.162754e-001	0.000000e+000	1.753903e+000	0.000000e+000
1.700016735630742e-007	5.875865e-001	0.000000e+000	1.743774e+000	0.000000e+000
1.700019276618927e-007	1.302086e-001	0.000000e+000	1.724390e+000	0.000000e+000
1.700020000000000e-007	0.000000e+000	0.000000e+000	1.719015e+000	0.000000e+000
1.700020126251284e-007	0.000000e+000	0.000000e+000	1.719299e+000	0.000000e+000
1.700020378753850e-007	0.000000e+000	0.000000e+000	1.719863e+000	0.000000e+000
1.700020883758984e-007	0.000000e+000	0.000000e+000	1.720980e+000	0.000000e+000
1.700021893769252e-007	0.000000e+000	0.000000e+000	1.723174e+000	0.000000e+000
1.700023913789786e-007	0.000000e+000	0.000000e+000	1.727413e+000	0.000000e+000
1.700027953830856e-007	0.000000e+000	0.000000e+000	1.735320e+000	0.000000e+000
1.700036033912996e-007	0.000000e+000	0.000000e+000	1.749028e+000	0.000000e+000
1.700052194077275e-007	0.000000e+000	0.000000e+000	1.769623e+000	0.000000e+000
1.700084514405833e-007	0.000000e+000	0.000000e+000	1.793489e+000	0.000000e+000
1.700149155062949e-007	0.000000e+000	0.000000e+000	1.809969e+000	0.000000e+000
1.700253446471258e-007	0.000000e+000	0.000000e+000	1.808836e+000	0.000000e+000
1.700362378258160e-007	0.000000e+000	0.000000e+000	1.803717e+000	0.000000e+000
1.700543141015746e-007	0.000000e+000	0.000000e+000	1.801809e+000	0.000000e+000
1.700742434875303e-007	0.000000e+000	0.000000e+000	1.800627e+000	0.000000e+000
1.700970346144639e-007	0.000000e+000	0.000000e+000	1.799292e+000	0.000000e+000
1.701214978332395e-007	0.000000e+000	0.000000e+000	1.799413e+000	0.000000e+000
1.701419405575971e-007	0.000000e+000	0.000000e+000	1.799709e+000	0.000000e+000
1.701665129769699e-007	0.000000e+000	0.000000e+000	1.799740e+000	0.000000e+000
1.701862607752070e-007	0.000000e+000	0.000000e+000	1.799744e+000	0.000000e+000
1.702087796906714e-007	0.000000e+000	0.000000e+000	1.799883e+000	0.000000e+000
1.702289983085707e-007	0.000000e+000	0.000000e+000	1.800071e+000	0.000000e+000
1.702538619113672e-007	0.000000e+000	0.000000e+000	1.800076e+000	0.000000e+000
1.702743753989025e-007	0.000000e+000	0.000000e+000	1.799894e+000	0.000000e+000
1.702987505359259e-007	0.000000e+000	0.000000e+000	1.799833e+000	0.000000e+000
1.703214494714884e-007	0.000000e+000	0.000000e+000	1.799971e+000	0.000000e+000
1.703521852902267e-007	0.000000e+000	0.000000e+000	1.800068e+000	0.000000e+000
1.703841162665948e-007	0.000000e+000	0.000000e+000	1.800044e+000	0.000000e+000
1.704479782193311e-007	0.000000e+000	0.000000e+000	1.800008e+000	0.000000e+000
1.705479782193311e-007	0.000000e+000	0.000000e+000	1.800000e+000	0.000000e+000
1.706479782193311e-007	0.000000e+000	0.000000e+000	1.800000e+000	0.000000e+000
1.708622639336168e-007	0.000000e+000	0.000000e+000	1.800000e+000	0.000000e+000
1.710765496479025e-007	0.000000e+000	0.000000e+000	1.800000e+000	0.000000e+000
1.712908353621883e-007	0.000000e+000	0.000000e+000	1.800000e+000	0.000000e+000
1.715051210764740e-007	0.000000e+000	0.000000e+000	1.800000e+000	0.000000e+000
1.717194067907597e-007	0.000000e+000	0.000000e+000	1.800000e+000	0.000000e+000
1.719336925050454e-007	0.000000e+000	0.000000e+000	1.800000e+000	0.000000e+000
1.721479782193312e-007	0.000000e+000	0.000000e+000	1.800000e+000	0.000000e+000
1.732479782193313e-007	0.000000e+000	0.000000e+000	1.800000e+000	0.000000e+000
1.743479782193313e-007	0.000000e+000	0.000000e+000	1.800000e+000	0.000000e+000
1.754479782193314e-007	0.000000e+000	0.000000e+000	1.800000e+000	0.000000e+000
1.765479782193315e-007	0.000000e+000	0.000000e+000	1.800000e+000	0.000000e+000
1.776479782193316e-007	0.000000e+000	0.000000e+000	1.800000e+000	0.000000e+000
1.787479782193317e-007	0.000000e+000	0.000000e+000	1.800000e+000	0.000000e+000
1.798479782193318e-007	0.000000e+000	0.000000e+000	1.800000e+000	0.000000e+000
1.799010000000000e-007	0.000000e+000	0.000000e+000	1.800000e+000	0.000000e+000
1.799149999999971e-007	0.000000e+000	0.000000e+000	1.800000e+000	0.000000e+000
1.799289999999942e-007	0.000000e+000	0.000000e+000	1.800000e+000	0.000000e+000
1.799429999999913e-007	0.000000e+000	0.000000e+000	1.800000e+000	0.000000e+000
1.799569999999884e-007	0.000000e+000	0.000000e+000	1.800000e+000	0.000000e+000
1.799709999999855e-007	0.000000e+000	0.000000e+000	1.800000e+000	0.000000e+000
1.799849999999826e-007	0.000000e+000	0.000000e+000	1.800000e+000	0.000000e+000
1.799989999999797e-007	0.000000e+000	0.000000e+000	1.800000e+000	0.000000e+000
1.800000000000000e-007	4.764560e-011	0.000000e+000	1.800000e+000	0.000000e+000
1.800000579674327e-007	1.043414e-001	0.000000e+000	1.805279e+000	0.000000e+000
1.800001739022981e-007	3.130241e-001	0.000000e+000	1.815601e+000	0.000000e+000
1.800004057720289e-007	7.303897e-001	0.000000e+000	1.835429e+000	0.000000e+000
1.800006168025579e-007	1.110245e+000	0.000000e+000	1.852219e+000	0.000000e+000
1.800010000000000e-007	1.800000e+000	0.000000e+000	1.880755e+000	0.000000e+000
1.800010383197442e-007	1.800000e+000	0.000000e+000	1.880072e+000	0.000000e+000
1.800011149592326e-007	1.800000e+000	0.000000e+000	1.878719e+000	0.000000e+000
1.800012682382095e-007	1.800000e+000	0.000000e+000	1.876101e+000	0.000000e+000
1.800015747961631e-007	1.800000e+000	0.000000e+000	1.871215e+000	0.000000e+000
1.800021879120704e-007	1.800000e+000	0.000000e+000	1.862659e+000	0.000000e+000
1.800034141438850e-007	1.800000e+000	0.000000e+000	1.849238e+000	0.000000e+000
1.800058666075143e-007	1.800000e+000	0.000000e+000	1.831483e+000	0.000000e+000
1.800107715347728e-007	1.800000e+000	0.000000e+000	1.812449e+000	0.000000e+000
1.800187608116664e-007	1.800000e+000	0.000000e+000	1.798070e+000	0.000000e+000
1.800270042711376e-007	1.800000e+000	0.000000e+000	1.791495e+000	0.000000e+000
1.800403229734604e-007	1.800000e+000	0.000000e+000	1.789426e+000	0.000000e+000
1.800559394078108e-007	1.800000e+000	0.000000e+000	1.793339e+000	0.000000e+000
1.800705477470601e-007	1.800000e+000	0.000000e+000	1.796171e+000	0.000000e+000
1.800853415874789e-007	1.800000e+000	0.000000e+000	1.795654e+000	0.000000e+000
1.801024891165791e-007	1.800000e+000	0.000000e+000	1.797442e+000	0.000000e+000
1.801263667736578e-007	1.800000e+000	0.000000e+000	1.817293e+000	0.000000e+000
1.801474137696838e-007	1.800000e+000	0.000000e+000	1.833719e+000	0.000000e+000
1.801695867758260e-007	1.800000e+000	0.000000e+000	1.719995e+000	0.000000e+000
1.801930285548063e-007	1.800000e+000	0.000000e+000	1.300831e+000	0.000000e+000
1.802149721471237e-007	1.800000e+000	0.000000e+000	6.928040e-001	0.000000e+000
1.802311675871223e-007	1.800000e+000	0.000000e+000	3.066486e-001	0.000000e+000
1.802495569377334e-007	1.800000e+000	0.000000e+000	9.828558e-002	0.000000e+000
1.802664048979244e-007	1.800000e+000	0.000000e+000	4.564398e-002	0.000000e+000
1.802845058580874e-007	1.800000e+000	0.000000e+000	2.504329e-002	0.000000e+000
1.803077549744325e-007	1.800000e+000	0.000000e+000	7.031687e-003	0.000000e+000
1.803335152622981e-007	1.800000e+000	0.000000e+000	9.150964e-004	0.000000e+000
1.803647941422592e-007	1.800000e+000	0.000000e+000	1.013673e-004	0.000000e+000
1.804214904420097e-007	1.800000e+000	0.000000e+000	2.231407e-006	0.000000e+000
1.805214904420097e-007	1.800000e+000	0.000000e+000	1.378712e-007	0.000000e+000
1.806214904420097e-007	1.800000e+000	0.000000e+000	-1.182684e-008	0.000000e+000
1.819612775217227e-007	1.800000e+000	0.000000e+000	-1.195973e-009	0.000000e+000
1.833010646014358e-007	1.800000e+000	0.000000e+000	6.867663e-009	0.000000e+000
1.846408516811488e-007	1.800000e+000	0.000000e+000	1.236407e-008	0.000000e+000
1.859806387608618e-007	1.800000e+000	0.000000e+000	1.529324e-008	0.000000e+000
1.873204258405748e-007	1.800000e+000	0.000000e+000	1.565518e-008	0.000000e+000
1.886602129202879e-007	1.800000e+000	0.000000e+000	1.344988e-008	0.000000e+000
1.900000000000009e-007	1.800000e+000	0.000000e+000	8.677355e-009	0.000000e+000
1.900010000000000e-007	1.800000e+000	0.000000e+000	8.676345e-009	0.000000e+000
1.900010765808417e-007	1.662154e+000	0.000000e+000	-6.337761e-003	0.000000e+000
1.900012297425251e-007	1.386463e+000	0.000000e+000	-1.966886e-002	0.000000e+000
1.900015360658920e-007	8.350814e-001	0.000000e+000	-4.886029e-002	0.000000e+000
1.900016747041269e-007	5.855325e-001	0.000000e+000	-6.253839e-002	0.000000e+000
1.900019519805968e-007	8.643492e-002	0.000000e+000	-8.948665e-002	0.000000e+000
1.900020000000000e-007	0.000000e+000	0.000000e+000	-9.398349e-002	0.000000e+000
1.900020096155189e-007	0.000000e+000	0.000000e+000	-9.375798e-002	0.000000e+000
1.900020288465568e-007	0.000000e+000	0.000000e+000	-9.330829e-002	0.000000e+000
1.900020673086324e-007	0.000000e+000	0.000000e+000	-9.241546e-002	0.000000e+000
1.900021442327838e-007	0.000000e+000	0.000000e+000	-9.065609e-002	0.000000e+000
1.900022980810865e-007	0.000000e+000	0.000000e+000	-8.723953e-002	0.000000e+000
1.900026057776920e-007	0.000000e+000	0.000000e+000	-8.079204e-002	0.000000e+000
1.900032211709029e-007	0.000000e+000	0.000000e+000	-6.927527e-002	0.000000e+000
1.900044519573247e-007	0.000000e+000	0.000000e+000	-5.071846e-002	0.000000e+000
1.900069135301684e-007	0.000000e+000	0.000000e+000	-2.590201e-002	0.000000e+000
1.900118366758556e-007	0.000000e+000	0.000000e+000	-1.939788e-003	0.000000e+000
1.900216829672302e-007	0.000000e+000	0.000000e+000	1.155854e-002	0.000000e+000
1.900315113684749e-007	0.000000e+000	0.000000e+000	1.137848e-002	0.000000e+000
1.900511681709644e-007	0.000000e+000	0.000000e+000	5.051563e-003	0.000000e+000
1.900694776068585e-007	0.000000e+000	0.000000e+000	8.297675e-004	0.000000e+000
1.900892672100142e-007	0.000000e+000	0.000000e+000	-9.485453e-004	0.000000e+000
1.901124777726600e-007	0.000000e+000	0.000000e+000	-9.869927e-004	0.000000e+000
1.901406646982733e-007	0.000000e+000	0.000000e+000	-6.287586e-004	0.000000e+000
1.901919999614972e-007	0.000000e+000	0.000000e+000	-2.751718e-004	0.000000e+000
1.902919999614972e-007	0.000000e+000	0.000000e+000	-4.098771e-005	0.000000e+000
1.903919999614972e-007	0.000000e+000	0.000000e+000	8.068298e-007	0.000000e+000
1.904919999614972e-007	0.000000e+000	0.000000e+000	6.605751e-008	0.000000e+000
1.905919999614972e-007	0.000000e+000	0.000000e+000	-7.737663e-008	0.000000e+000
1.999990000000000e-007	0.000000e+000	0.000000e+000	8.701738e-009	0.000000e+000
2.000000000000000e-007	0.000000e+000	0.000000e+000	8.700092e-009	0.000000e+000
2.000000587357300e-007	1.057243e-001	0.000000e+000	7.358558e-003	0.000000e+000
2.000001762071899e-007	3.171729e-001	0.000000e+000	2.182097e-002	0.000000e+000
2.000004111501097e-007	7.400702e-001	0.000000e+000	4.981375e-002	0.000000e+000
2.000006169936937e-007	1.110589e+000	0.000000e+000	7.290702e-002	0.000000e+000
2.000010000000000e-007	1.800000e+000	0.000000e+000	1.134963e-001	0.000000e+000
2.000010383006306e-007	1.800000e+000	0.000000e+000	1.123639e-001	0.000000e+000
2.000011149018919e-007	1.800000e+000	0.000000e+000	1.101217e-001	0.000000e+000
2.000012681044144e-007	1.800000e+000	0.000000e+000	1.057481e-001	0.000000e+000
2.000015745094594e-007	1.800000e+000	0.000000e+000	9.744499e-002	0.000000e+000
2.000021873195495e-007	1.800000e+000	0.000000e+000	8.250733e-002	0.000000e+000
2.000034129397296e-007	1.800000e+000	0.000000e+000	5.830259e-002	0.000000e+000
2.000058641800898e-007	1.800000e+000	0.000000e+000	2.596910e-002	0.000000e+000
2.000107666608101e-007	1.800000e+000	0.000000e+000	-5.088182e-003	0.000000e+000
2.000185504202818e-007	1.800000e+000	0.000000e+000	-1.708484e-002	0.000000e+000
2.000268566550094e-007	1.800000e+000	0.000000e+000	-1.329764e-002	0.000000e+000
2.000401015181573e-007	1.800000e+000	0.000000e+000	-4.645268e-003	0.000000e+000
2.000557934111279e-007	1.800000e+000	0.000000e+000	3.862685e-004	0.000000e+000
2.000709989132264e-007	1.800000e+000	0.000000e+000	1.223834e-003	0.000000e+000
2.000860230872878e-007	1.800000e+000	0.000000e+000	5.705030e-004	0.000000e+000
2.001032613550833e-007	1.800000e+000	0.000000e+000	1.330494e-004	0.000000e+000
2.001377378906745e-007	1.800000e+000	0.000000e+000	2.517697e-005	0.000000e+000
2.002066909618567e-007	1.800000e+000	0.000000e+000	-5.899388e-007	0.000000e+000
2.003066909618567e-007	1.800000e+000	0.000000e+000	4.417255e-007	0.000000e+000
2.004066909618568e-007	1.800000e+000	0.000000e+000	-1.167203e-007	0.000000e+000
2.005066909618568e-007	1.800000e+000	0.000000e+000	1.285450e-007	0.000000e+000
2.007066909618568e-007	1.800000e+000	0.000000e+000	6.390155e-008	0.000000e+000
2.100009303480100e-007	1.800000e+000	0.000000e+000	8.669019e-009	0.000000e+000
2.100010000000000e-007	1.800000e+000	0.000000e+000	8.668517e-009	0.000000e+000
2.100010118109930e-007	1.778740e+000	0.000000e+000	-1.001065e-003	0.000000e+000
2.100010354329789e-007	1.736221e+000	0.000000e+000	-2.993205e-003	0.000000e+000
2.100010826769507e-007	1.651181e+000	0.000000e+000	-6.929221e-003	0.000000e+000
2.100011771648943e-007	1.481103e+000	0.000000e+000	-1.481414e-002	0.000000e+000
2.100013661407816e-007	1.140947e+000	0.000000e+000	-3.194123e-002	0.000000e+000
2.100016850797992e-007	5.668564e-001	0.000000e+000	-6.332133e-002	0.000000e+000
2.100020000000000e-007	0.000000e+000	0.000000e+000	-9.409921e-002	0.000000e+000
2.100020314920201e-007	0.000000e+000	0.000000e+000	-9.336444e-002	0.000000e+000
2.100020944760603e-007	0.000000e+000	0.000000e+000	-9.190910e-002	0.000000e+000
2.100022204441406e-007	0.000000e+000	0.000000e+000	-8.906639e-002	0.000000e+000
2.100024723803012e-007	0.000000e+000	0.000000e+000	-8.364636e-002	0.000000e+000
2.100029762526225e-007	0.000000e+000	0.000000e+000	-7.377407e-002	0.000000e+000
2.100039839972652e-007	0.000000e+000	0.000000e+000	-5.727645e-002	0.000000e+000
2.100059994865504e-007	0.000000e+000	0.000000e+000	-3.370612e-002	0.000000e+000
2.100100304651209e-007	0.000000e+000	0.000000e+000	-8.214064e-003	0.000000e+000
2.100180924222618e-007	0.000000e+000	0.000000e+000	9.384578e-003	0.000000e+000
2.100287850436820e-007	0.000000e+000	0.000000e+000	1.176037e-002	0.000000e+000
2.100466049474619e-007	0.000000e+000	0.000000e+000	6.459400e-003	0.000000e+000
2.100674913151451e-007	0.000000e+000	0.000000e+000	1.286317e-003	0.000000e+000
2.100886389514037e-007	0.000000e+000	0.000000e+000	-8.943481e-004	0.000000e+000
2.101133271305442e-007	0.000000e+000	0.000000e+000	-9.808182e-004	0.000000e+000
2.101390786259341e-007	0.000000e+000	0.000000e+000	-6.362195e-004	0.000000e+000
2.101905274263740e-007	0.000000e+000	0.000000e+000	-2.837625e-004	0.000000e+000
2.102905274263740e-007	0.000000e+000	0.000000e+000	-4.204213e-005	0.000000e+000
2.103905274263740e-007	0.000000e+000	0.000000e+000	7.800754e-007	0.000000e+000
2.104905274263740e-007	0.000000e+000	0.000000e+000	1.164167e-007	0.000000e+000
2.105905274263740e-007	0.000000e+000	0.000000e+000	-9.315477e-008	0.000000e+000
2.155905274263744e-007	0.000000e+000	0.000000e+000	8.913360e-009	0.000000e+000
2.199990000000000e-007	0.000000e+000	0.000000e+000	8.718933e-009	0.000000e+000
2.200000000000000e-007	4.764560e-011	0.000000e+000	8.718427e-009	0.000000e+000
2.200000587357303e-007	1.057243e-001	0.000000e+000	7.358558e-003	0.000000e+000
2.200001762071908e-007	3.171729e-001	0.000000e+000	2.182097e-002	0.000000e+000
2.200004111501119e-007	7.400702e-001	0.000000e+000	4.981375e-002	0.000000e+000
2.200006169936938e-007	1.110589e+000	0.000000e+000	7.290702e-002	0.000000e+000
2.200010000000000e-007	1.800000e+000	0.000000e+000	1.134963e-001	0.000000e+000
2.200010383006306e-007	1.800000e+000	0.000000e+000	1.123639e-001	0.000000e+000
2.200011149018918e-007	1.800000e+000	0.000000e+000	1.101217e-001	0.000000e+000
2.200012681044143e-007	1.800000e+000	0.000000e+000	1.057481e-001	0.000000e+000
2.200015745094593e-007	1.800000e+000	0.000000e+000	9.744500e-002	0.000000e+000
2.200021873195492e-007	1.800000e+000	0.000000e+000	8.250734e-002	0.000000e+000
2.200034129397290e-007	1.800000e+000	0.000000e+000	5.830259e-002	0.000000e+000
2.200058641800887e-007	1.800000e+000	0.000000e+000	2.596909e-002	0.000000e+000
2.200107666608081e-007	1.800000e+000	0.000000e+000	-5.088187e-003	0.000000e+000
2.200185504198838e-007	1.800000e+000	0.000000e+000	-1.708484e-002	0.000000e+000
2.200268566543109e-007	1.800000e+000	0.000000e+000	-1.329764e-002	0.000000e+000
2.200401015175999e-007	1.800000e+000	0.000000e+000	-4.645267e-003	0.000000e+000
2.200557934102790e-007	1.800000e+000	0.000000e+000	3.862678e-004	0.000000e+000
2.200709989121939e-007	1.800000e+000	0.000000e+000	1.223834e-003	0.000000e+000
2.200860230854555e-007	1.800000e+000	0.000000e+000	5.705028e-004	0.000000e+000
2.201032613530924e-007	1.800000e+000	0.000000e+000	1.330495e-004	0.000000e+000
2.201377378883662e-007	1.800000e+000	0.000000e+000	2.517707e-005	0.000000e+000
2.202066909589138e-007	1.800000e+000	0.000000e+000	-5.899436e-007	0.000000e+000
2.203066909589138e-007	1.800000e+000	0.000000e+000	4.417254e-007	0.000000e+000
2.204066909589138e-007	1.800000e+000	0.000000e+000	-1.167206e-007	0.000000e+000
2.205066909589138e-007	1.800000e+000	0.000000e+000	1.285454e-007	0.000000e+000
2.207066909589138e-007	1.800000e+000	0.000000e+000	6.390195e-008	0.000000e+000
2.300009342326863e-007	1.800000e+000	0.000000e+000	8.669019e-009	0.000000e+000
2.300010000000000e-007	1.800000e+000	0.000000e+000	8.668518e-009	0.000000e+000
2.300010115405459e-007	1.779227e+000	0.000000e+000	-9.782438e-004	0.000000e+000
2.300010346216378e-007	1.737681e+000	0.000000e+000	-2.925192e-003	0.000000e+000
2.300010807838216e-007	1.654589e+000	0.000000e+000	-6.772940e-003	0.000000e+000
2.300011731081891e-007	1.488405e+000	0.000000e+000	-1.445955e-002	0.000000e+000
2.300013577569242e-007	1.156038e+000	0.000000e+000	-3.114107e-002	0.000000e+000
2.300016823923406e-007	5.716938e-001	0.000000e+000	-6.305746e-002	0.000000e+000
2.300020000000000e-007	0.000000e+000	0.000000e+000	-9.410328e-002	0.000000e+000
2.300020317607659e-007	0.000000e+000	0.000000e+000	-9.336229e-002	0.000000e+000
2.300020952822978e-007	0.000000e+000	0.000000e+000	-9.189472e-002	0.000000e+000
2.300022223253615e-007	0.000000e+000	0.000000e+000	-8.902870e-002	0.000000e+000
2.300024764114890e-007	0.000000e+000	0.000000e+000	-8.356641e-002	0.000000e+000
2.300029845837440e-007	0.000000e+000	0.000000e+000	-7.362466e-002	0.000000e+000
2.300040009282539e-007	0.000000e+000	0.000000e+000	-5.703456e-002	0.000000e+000
2.300060336172738e-007	0.000000e+000	0.000000e+000	-3.339230e-002	0.000000e+000
2.300100989953136e-007	0.000000e+000	0.000000e+000	-7.935007e-003	0.000000e+000
2.300182297513931e-007	0.000000e+000	0.000000e+000	9.520738e-003	0.000000e+000
2.300288355577100e-007	0.000000e+000	0.000000e+000	1.176606e-002	0.000000e+000
2.300469921889694e-007	0.000000e+000	0.000000e+000	6.336868e-003	0.000000e+000
2.300675645709423e-007	0.000000e+000	0.000000e+000	1.279681e-003	0.000000e+000
2.300891118745462e-007	0.000000e+000	0.000000e+000	-9.057413e-004	0.000000e+000
2.301134142624124e-007	0.000000e+000	0.000000e+000	-9.844288e-004	0.000000e+000
2.301396309718057e-007	0.000000e+000	0.000000e+000	-6.308475e-004	0.000000e+000
2.301905963082508e-007	0.000000e+000	0.000000e+000	-2.826035e-004	0.000000e+000
2.302905963082509e-007	0.000000e+000	0.000000e+000	-4.218127e-005	0.000000e+000
2.303905963082509e-007	0.000000e+000	0.000000e+000	7.784693e-007	0.000000e+000
2.304905963082509e-007	0.000000e+000	0.000000e+000	1.727590e-007	0.000000e+000
2.399990000000000e-007	0.000000e+000	0.000000e+000	8.717402e-009	0.000000e+000
2.400000000000000e-007	0.000000e+000	0.000000e+000	8.714977e-009	0.000000e+000
2.400000587357306e-007	1.057243e-001	0.000000e+000	7.358558e-003	0.000000e+000
2.400001762071918e-007	3.171729e-001	0.000000e+000	2.182097e-002	0.000000e+000
2.400004111501141e-007	7.400702e-001	0.000000e+000	4.981375e-002	0.000000e+000
2.400006169936934e-007	1.110589e+000	0.000000e+000	7.290702e-002	0.000000e+000
2.400010000000000e-007	1.800000e+000	0.000000e+000	1.134963e-001	0.000000e+000
2.400010383006307e-007	1.800000e+000	0.000000e+000	1.123639e-001	0.000000e+000
2.400011149018920e-007	1.800000e+000	0.000000e+000	1.101217e-001	0.000000e+000
2.400012681044146e-007	1.800000e+000	0.000000e+000	1.057481e-001	0.000000e+000
2.400015745094599e-007	1.800000e+000	0.000000e+000	9.744500e-002	0.000000e+000
2.400021873195505e-007	1.800000e+000	0.000000e+000	8.250735e-002	0.000000e+000
2.400034129397316e-007	1.800000e+000	0.000000e+000	5.830259e-002	0.000000e+000
2.400058641800938e-007	1.800000e+000	0.000000e+000	2.596909e-002	0.000000e+000
2.400107666608182e-007	1.800000e+000	0.000000e+000	-5.088191e-003	0.000000e+000
2.400185504195209e-007	1.800000e+000	0.000000e+000	-1.708484e-002	0.000000e+000
2.400268566536682e-007	1.800000e+000	0.000000e+000	-1.329763e-002	0.000000e+000
2.400401015170863e-007	1.800000e+000	0.000000e+000	-4.645266e-003	0.000000e+000
2.400557934094912e-007	1.800000e+000	0.000000e+000	3.862672e-004	0.000000e+000
2.400709989112472e-007	1.800000e+000	0.000000e+000	1.223833e-003	0.000000e+000
2.400860230837732e-007	1.800000e+000	0.000000e+000	5.705026e-004	0.000000e+000
2.401032613512649e-007	1.800000e+000	0.000000e+000	1.330497e-004	0.000000e+000
2.401377378862485e-007	1.800000e+000	0.000000e+000	2.517716e-005	0.000000e+000
2.402066909562157e-007	1.800000e+000	0.000000e+000	-5.899483e-007	0.000000e+000
2.403066909562157e-007	1.800000e+000	0.000000e+000	4.417254e-007	0.000000e+000
2.404066909562157e-007	1.800000e+000	0.000000e+000	-1.167206e-007	0.000000e+000
2.405066909562157e-007	1.800000e+000	0.000000e+000	1.285460e-007	0.000000e+000
2.407066909562158e-007	1.800000e+000	0.000000e+000	6.390249e-008	0.000000e+000
2.499996180875619e-007	1.800000e+000	0.000000e+000	8.669439e-009	0.000000e+000
2.500000000000000e-007	1.800000e+000	0.000000e+000	8.669439e-009	0.000000e+000
